Filename,y_true,y_pred,p0,p1,p2,p3,p4,p5,p6,p7,p8
20160928-140747-0.jpg,0,0,0.63309646,0.34974679,0.00014103178,0.0003130028,5.7685133e-05,0.00035396228,0.00035216024,0.0033815152,0.012557394
20160928-141437-0.jpg,0,5,0.063154869,0.015807456,8.5470357e-05,0.025586466,0.0001148568,0.80858461,0.0017695851,0.0016746813,0.083222003
20160928-142110-0.jpg,0,0,0.8666893,0.00064992612,0.00027944704,0.0012158605,8.4434159e-05,0.001640318,2.7659896e-05,0.002607191,0.12680586
20161207-110730-0.jpg,0,0,0.99410733,0.0027645763,6.5490956e-05,4.1793148e-05,5.6897724e-05,3.8863018e-05,1.5327436e-05,0.0027075118,0.00020220716
20161207-110753-0.jpg,0,0,0.98261406,0.0036589204,0.00064842458,0.00029484576,0.00030624144,0.00070071742,0.00032875855,0.0058280802,0.0056199508
20161207-110837-0.jpg,0,0,0.99632967,0.0030175073,1.5245618e-05,1.2665704e-05,1.0287532e-05,3.5151493e-05,2.6134235e-06,0.00048942487,8.7431662e-05
20161207-111122-0.jpg,0,0,0.99956457,0.00021429837,1.5840643e-05,1.128355e-05,2.3265672e-05,5.0434012e-05,4.1965724e-06,7.4208786e-05,4.1906575e-05
20161207-111246-0.jpg,0,0,0.77119036,0.0010257364,0.0010050839,0.00038494352,0.0011707971,0.00076509973,2.3652484e-05,0.00010966167,0.22432466
20161207-111352-0.jpg,0,0,0.99201398,0.0018291727,3.486454e-05,8.2222897e-05,3.5967288e-05,9.3060768e-05,2.5227029e-05,0.0030792629,0.0028062464
20161207-111440-0.jpg,0,0,0.99891709,0.00046753734,7.854848e-06,2.0168153e-05,9.2261449e-06,3.0315837e-05,8.5080667e-06,0.00021212546,0.00032717746
20161207-111508-0.jpg,0,8,0.0019991718,0.00021434766,0.0002248859,0.00055632517,4.8439452e-05,0.24086959,0.00060720975,0.0008398366,0.7546402
20161207-111539-0.jpg,0,0,0.99885518,0.00092465702,1.6585803e-05,2.1608529e-05,1.0460616e-05,5.9875242e-05,6.8681094e-06,4.9351694e-05,5.5413431e-05
20161207-111718-0.jpg,0,0,0.98384661,0.0097854069,3.4904037e-05,1.4354407e-05,3.899068e-05,0.0003188935,1.3113103e-05,0.005576865,0.00037085934
20161207-112158-0.jpg,0,0,0.99956412,2.2227085e-05,1.4925409e-05,3.3043431e-05,7.0415981e-05,4.3187171e-05,5.088984e-06,3.9599296e-05,0.00020739266
20161207-112245-0.jpg,0,0,0.99763091,9.4628517e-05,9.8303485e-05,7.4199418e-05,0.00038495175,0.00015828282,8.3754186e-06,8.3948548e-05,0.0014664
20161207-112431-0.jpg,8,8,0.02783332,0.020017209,0.00074088445,0.027429414,0.0011039054,0.0048938876,0.052973271,0.015651109,0.849357
20161207-143344-0.jpg,7,8,0.0053785711,0.0022970894,2.7074833e-05,0.0054380428,6.7439853e-05,0.005824851,0.0013062101,0.17191871,0.80774201
20161207-145017-0.jpg,0,0,0.86171588,0.082367203,0.00097146001,0.00090723846,0.00050508236,0.019331775,0.002198162,0.030352219,0.0016509829
20170126-095106-0.jpg,1,1,0.00052369309,0.99466493,5.177145e-05,7.7105518e-06,1.0120124e-05,9.7585157e-05,0.00029180721,0.0042036335,0.00014874673
20170126-095233-0.jpg,1,1,0.0022530993,0.92179398,0.0001350267,0.00015674232,8.6556395e-05,0.00018886085,0.056724962,0.0021243168,0.016536456
20170126-095308-0.jpg,1,1,0.00019032496,0.99573197,3.0533543e-05,3.4927033e-06,1.3826114e-05,1.1576113e-05,0.0037467059,0.00017298937,9.8585253e-05
20170126-095322-0.jpg,1,1,0.00010267669,0.99867222,1.6579244e-05,9.8625617e-07,3.4409658e-06,3.2082154e-06,0.00026126213,0.00037482459,0.00056479911
20170126-095404-0.jpg,1,1,2.9135069e-05,0.99802427,3.6850441e-05,2.2937036e-06,9.279811e-06,6.5232731e-06,6.4369155e-05,0.0017227101,0.00010457255
20170126-095653-0.jpg,1,1,7.269476e-06,0.99920219,3.6031837e-06,6.3405133e-06,2.1506038e-06,1.3532585e-06,2.926492e-05,4.7717157e-05,0.00070011218
20170126-095755-0.jpg,1,1,1.1984533e-05,0.99935198,8.3226481e-06,6.3118496e-06,4.0897324e-06,1.9491191e-06,0.00014285706,1.2767118e-05,0.00045973856
20170126-095912-0.jpg,1,1,1.0646485e-05,0.99979892,2.9971673e-06,1.8850399e-06,1.9118237e-06,5.7647996e-07,1.8397407e-05,8.4246956e-06,0.00015624541
20170126-095925-0.jpg,1,1,1.2060356e-05,0.99788808,8.6847312e-06,5.0764105e-06,4.9468076e-06,3.3786068e-06,0.0017942642,3.6906455e-05,0.00024660001
20170126-095932-0.jpg,1,1,8.2069709e-06,0.99922596,3.1408769e-06,2.5012875e-06,1.7035832e-06,6.9473284e-07,0.00028646295,0.0002252938,0.00024603134
20170126-100037-0.jpg,1,1,7.7970479e-06,0.99944595,7.9982601e-06,4.0474669e-06,2.2568198e-06,1.3292821e-06,0.00022095983,2.1473991e-05,0.00028819201
20170126-100242-0.jpg,1,1,9.6561843e-05,0.98913757,1.9897698e-05,2.7512683e-05,1.4873506e-05,1.9103129e-05,0.001837834,0.00025088655,0.0085957612
20170126-100451-0.jpg,1,1,0.00017231029,0.78903104,7.2689075e-05,0.00027564434,4.6553204e-05,0.0003335222,0.0086844627,0.00044727265,0.20093651
20170126-100459-0.jpg,1,1,0.00014884031,0.79903926,5.9042858e-05,4.9951476e-05,1.8771584e-05,1.8255266e-05,0.039180725,0.00055035571,0.1609348
20170127-101000-0.jpg,1,1,6.6053092e-05,0.99444817,6.4143835e-05,1.4255454e-05,1.0548177e-05,5.3785734e-06,0.0033303677,0.00015211855,0.0019089634
20170127-101008-0.jpg,1,1,1.6209572e-05,0.99957778,7.5291067e-06,6.1359965e-06,4.9319412e-06,1.4527206e-06,0.0002612753,1.2298509e-05,0.00011238318
20170127-101404-0.jpg,1,1,1.46514e-05,0.99937001,1.3154559e-05,5.8247521e-06,7.8315078e-06,1.6885932e-06,0.0003942695,3.9498876e-05,0.00015306736
20170127-101415-0.jpg,1,1,9.7753134e-06,0.99813502,9.1205094e-06,7.3414623e-06,2.4742282e-06,4.0436357e-06,0.00044451572,0.00010361607,0.0012840903
20170127-101650-0.jpg,1,1,1.7168233e-05,0.99908107,3.8277159e-06,4.2076778e-06,4.8452249e-06,8.0795308e-06,0.00028666481,1.6341274e-05,0.00057779719
20170127-101830-0.jpg,1,1,1.0846923e-05,0.99676879,7.7302033e-06,7.5103117e-06,3.1047088e-06,2.2830604e-06,0.00058199585,2.9040976e-05,0.0025886983
20170127-102005-0.jpg,1,1,2.9957238e-05,0.97503171,7.1872092e-05,1.6273987e-05,3.171748e-05,2.7438473e-05,0.017785987,5.5406271e-05,0.0069496396
20170127-102051-0.jpg,1,1,2.5088317e-05,0.99953103,6.5354663e-06,9.9907149e-07,8.6809279e-07,6.0400352e-07,4.0426549e-05,0.00020506065,0.00018938497
20170127-102214-0.jpg,1,1,1.2923076e-05,0.99779584,2.4767198e-05,5.2562301e-06,7.1854837e-06,5.8841391e-06,0.00042870451,0.0001159559,0.0016034883
20170127-102237-0.jpg,1,1,6.5339582e-05,0.94162054,7.2788119e-05,3.1922021e-05,1.3643803e-05,3.3487028e-05,0.00069891086,0.00025969739,0.057203666
20170127-102604-0.jpg,1,1,0.00024332907,0.99750387,0.00015984342,2.1098373e-05,4.2224401e-05,5.3341123e-06,0.00047234819,0.00013831237,0.0014136358
20170127-102904-0.jpg,1,1,2.1184978e-05,0.99964306,1.5472329e-05,7.5611106e-06,3.5623401e-06,7.5227938e-07,4.7103566e-05,3.2160835e-05,0.00022914049
20170127-102931-0.jpg,1,1,5.8193263e-05,0.99685089,3.2624283e-05,6.3849176e-06,8.6478067e-06,3.766947e-06,0.0015572568,5.1782574e-05,0.0014304539
20170127-103003-0.jpg,1,1,3.1465798e-05,0.99785981,1.0501746e-05,5.1538501e-06,3.6862863e-06,2.3105851e-06,0.0014563329,6.1715786e-05,0.0005690263
20170127-103011-0.jpg,1,1,0.00010588879,0.98815063,8.750192e-05,1.5346385e-05,2.1076577e-05,3.2360077e-06,0.0046817036,0.00019858043,0.0067360361
20170127-103248-0.jpg,1,1,0.0027965437,0.99094159,5.321699e-05,2.5316047e-05,1.9140192e-05,1.1914795e-05,0.0022404149,0.0026367204,0.0012751465
20170128-101959-0.jpg,8,8,0.00022368932,0.00080210525,6.2433204e-06,0.0032802673,3.6447568e-05,2.9004842e-06,1.0254289e-05,0.0022651536,0.99337294
20170128-102043-0.jpg,8,8,9.7983566e-07,5.2729318e-06,1.3287928e-06,1.9122348e-05,5.0033275e-06,4.1027691e-07,2.7239275e-06,7.8145131e-06,0.99995734
20170128-102117-0.jpg,8,8,6.4693038e-06,2.6848049e-05,1.443524e-06,4.3630479e-05,1.8321326e-06,5.1174659e-07,1.1678726e-05,1.7575461e-05,0.99989001
20170128-102233-0.jpg,8,8,1.7569648e-05,6.3714482e-05,1.1987545e-06,1.4350049e-05,2.4705575e-06,7.3194754e-07,6.0276617e-06,3.8124707e-05,0.99985581
20170128-102307-0.jpg,8,8,6.883467e-05,0.0015441986,1.0982021e-05,0.00024178332,7.3549352e-06,2.2420549e-05,0.00037664541,0.00019720897,0.99753057
20170128-102336-0.jpg,8,8,0.0001162574,0.00055243199,2.2373111e-05,0.0096121908,2.312888e-05,1.9254877e-05,0.0004285717,0.00089457841,0.98833121
20170128-102438-0.jpg,8,8,0.00032785259,0.00091555998,1.3393291e-05,0.0037845958,5.2898544e-06,8.342941e-06,7.0216898e-05,0.00053884347,0.99433591
20170128-102535-0.jpg,8,8,0.0050268001,0.029050424,6.9768243e-05,0.032847218,2.4979405e-05,0.00055752498,0.0042300207,0.0057602339,0.92243303
20170128-102632-0.jpg,8,1,6.6607595e-05,0.86056601,3.061279e-05,9.6829248e-05,2.165287e-05,4.3323028e-05,0.0029326267,0.00019018861,0.13605215
20170128-102804-0.jpg,8,8,0.0015865478,0.0052145076,3.1301774e-05,0.00029693814,4.7400816e-05,0.00031958035,0.00010151635,0.0022105779,0.99019163
20170128-102843-0.jpg,8,8,2.9868411e-05,0.0055341832,8.0419086e-06,8.3992554e-05,4.3710049e-06,8.6357058e-06,5.5904114e-05,4.0536034e-05,0.99423447
20170128-103131-0.jpg,8,8,0.00012109975,0.0090799333,9.6283765e-06,0.00022812389,1.261434e-05,3.0891707e-05,0.00057196669,0.00018680918,0.98975893
20170128-103209-0.jpg,8,8,0.00021539747,0.00023922082,2.9631809e-05,0.0001810924,2.7884028e-05,2.149885e-05,0.00033917563,0.00038100643,0.99856509
20170128-103224-0.jpg,8,8,0.009562325,0.0023148342,4.2581242e-05,0.0021442464,6.0529585e-05,8.3444676e-05,0.0001038938,0.080392569,0.90529558
20170128-103357-0.jpg,8,8,7.2302915e-05,0.068264277,2.771422e-05,0.0005526498,2.8056903e-05,1.1533636e-05,0.00041249498,7.6430413e-05,0.93055454
20170128-103425-0.jpg,8,1,0.00071627479,0.60207907,4.3476086e-05,0.00030147987,1.5459512e-05,1.4412908e-05,0.0015977378,0.016369549,0.37886254
20170128-103446-0.jpg,8,8,0.00012840155,0.10728485,0.00013202315,0.00024717494,8.5173859e-05,3.6314817e-05,0.0030303997,0.0001218764,0.88893379
20170128-103606-0.jpg,8,1,0.00037591771,0.64662771,0.00016728842,0.00064415952,9.2625485e-05,9.4287235e-05,0.007919494,0.00017583788,0.34390268
20170128-103700-0.jpg,8,8,0.00028515921,0.045309427,0.00016682384,0.013454465,5.1045245e-05,0.00019094668,0.0015361575,0.00071611136,0.93828986
20170129-102138-0.jpg,8,8,1.7109115e-05,0.00015288435,8.1104766e-06,0.00012682996,6.422934e-06,2.6901243e-05,0.00019259519,4.8804392e-05,0.99942034
20170129-102150-0.jpg,8,8,2.9238745e-05,0.00081709828,5.9741949e-06,1.8853686e-05,2.8992626e-06,1.2263832e-05,5.1284834e-05,3.353979e-05,0.99902885
20170129-102239-0.jpg,8,8,0.001112579,0.0030290264,8.2936153e-05,0.00016473438,5.015982e-06,6.6936167e-05,0.00016584814,0.010579296,0.98479363
20170129-102922-0.jpg,8,8,5.6046603e-05,0.0023108943,1.5547628e-05,4.3439697e-05,2.1024638e-05,6.3736974e-05,0.0011284593,9.475298e-05,0.9962661
20170129-102930-0.jpg,8,8,2.6262145e-05,0.00018547093,4.1517148e-06,5.4427912e-05,7.2487544e-06,0.00023011098,0.0011938251,2.733129e-05,0.99827117
20170129-103106-0.jpg,8,8,1.1716147e-05,0.00057068874,4.9837188e-06,1.4583422e-05,2.4305563e-06,5.1449396e-05,3.0810035e-05,1.2434385e-05,0.9993009
20170129-103137-0.jpg,8,8,0.00040722561,0.21051927,2.3286994e-05,5.7425152e-05,1.2523801e-05,0.00062647248,0.001756926,0.00045830056,0.78613857
20170129-103231-0.jpg,8,8,5.2794415e-05,0.0016658491,7.2095509e-06,3.1644734e-05,6.9170412e-06,2.5746824e-05,7.6639165e-05,7.1113687e-06,0.99812609
20170129-103353-0.jpg,8,8,4.3291381e-05,0.0040609301,2.3952919e-05,0.00019074624,6.4195483e-06,0.00020565232,0.00086609851,7.1872447e-05,0.99453104
20170129-103735-0.jpg,8,8,0.0030844259,0.33777619,2.1715697e-05,0.00020612861,8.4884524e-06,0.00015265346,0.0015103706,0.046459139,0.61078089
20170129-103811-0.jpg,8,8,0.00017905992,0.00027292364,2.1230856e-05,8.2250794e-05,1.6892289e-05,7.8664904e-05,0.00018172493,0.00012010894,0.99904714
20170129-103831-0.jpg,8,8,0.00038736807,0.023699601,4.3180022e-05,0.00012108569,8.2554622e-06,0.00025460821,0.00061988014,0.00021903648,0.97464698
20170129-104113-0.jpg,8,8,0.00027508085,0.00061553468,2.1282992e-05,0.00027890677,1.034028e-05,0.00064071925,0.00020087208,0.0012844082,0.99667285
20170130-102233-0.jpg,1,1,0.00089458797,0.86945149,0.0001723956,0.00013790579,8.8397281e-05,9.8442903e-05,0.0089678717,0.012569445,0.10761946
20170130-102315-0.jpg,1,1,6.7447652e-05,0.99442382,9.0108584e-05,1.8110673e-05,5.2111218e-05,1.3469258e-05,0.0044554507,0.00060610972,0.0002733712
20170130-102324-0.jpg,1,1,0.00016986199,0.99629049,0.00028806829,1.0420715e-05,6.6032704e-05,3.6829759e-05,0.0020236351,0.00043172833,0.00068293039
20170130-102331-0.jpg,1,1,3.8321793e-05,0.99264262,1.5547941e-05,1.8038258e-05,1.3492684e-05,7.0388186e-06,0.00017379316,0.0063364615,0.00075468573
20170130-102350-0.jpg,1,1,0.0014650159,0.98191976,9.7371027e-05,0.0013543025,0.0014312204,1.9635958e-05,0.0055305664,0.00099057133,0.007191554
20170130-102402-0.jpg,1,1,0.00036827498,0.81584716,0.0019270758,0.00039529445,0.00023875356,5.7063198e-05,0.17296588,0.0014112752,0.0067892177
20170130-102444-0.jpg,1,1,0.00043941817,0.93378126,0.00020303545,3.493912e-05,4.7508002e-05,8.1468153e-05,0.0034234582,0.060206882,0.0017820292
20170130-102448-0.jpg,1,1,9.2412526e-05,0.99674264,0.00022985471,1.8602804e-05,5.2126203e-05,3.8026014e-05,0.0020067651,9.2003556e-05,0.00072757214
20170130-102525-0.jpg,1,7,0.017995424,0.22416772,0.00055328647,0.00062236509,0.00015648573,0.0010951427,0.093228623,0.60670831,0.055472643
20170130-102647-0.jpg,1,1,0.00034080874,0.99671759,3.0165157e-05,1.7877851e-05,1.0500412e-05,0.00021789568,9.8984825e-05,0.00084702861,0.0017191524
20170130-102736-0.jpg,1,1,0.073948158,0.5710143,0.00026994979,0.0014696868,0.00021753939,0.0012742375,0.002230866,0.025644976,0.32393028
20170130-102953-0.jpg,1,1,0.00081375837,0.92691373,0.0010926012,8.9281982e-05,7.7671314e-05,0.00010622395,0.0091808088,0.0014077492,0.060318172
20170207-141501-0.jpg,7,7,0.0012956875,0.0004620061,9.6252588e-06,2.7794826e-06,1.7826397e-06,5.1172544e-05,0.00013368105,0.9980112,3.2063488e-05
20170207-141520-0.jpg,7,5,0.0016073712,0.12444258,0.0010659187,0.00020382209,4.2577847e-05,0.74173363,0.017084531,0.1080483,0.005771271
20170207-141804-0.jpg,7,7,0.0061070938,0.00028153129,0.00012723659,3.1923316e-05,1.046105e-05,7.8212467e-05,0.00011561391,0.99007216,0.0031757705
20170207-141902-0.jpg,7,7,8.3726492e-05,4.123622e-05,2.300279e-05,1.2849063e-05,3.6906752e-06,5.8954922e-05,4.2816577e-05,0.99972264,1.1085621e-05
20170207-142023-0.jpg,7,7,0.00010970388,0.00036680607,1.0805042e-05,8.6629688e-06,3.0213614e-06,7.9295314e-06,8.2602636e-06,0.99938084,0.00010397313
20170207-142123-0.jpg,7,7,0.00023277501,0.00013198902,1.0489484e-05,5.243238e-06,2.9834056e-06,1.859317e-05,7.8741764e-06,0.99934497,0.0002450865
20170207-142740-0.jpg,7,7,0.00055134028,6.3457948e-05,2.7887142e-05,9.2079474e-06,5.3947521e-06,4.7811211e-05,2.6397029e-05,0.99898498,0.00028352207
20170207-142827-0.jpg,7,7,0.00019456097,0.00058279043,0.00010676259,4.7909781e-05,2.4036205e-05,3.8043524e-05,5.703125e-05,0.99875367,0.00019519038
20170207-142840-0.jpg,7,7,4.1650913e-05,9.7866795e-06,3.8881536e-06,3.7642686e-06,1.4364981e-06,5.209395e-06,3.6397052e-06,0.99990856,2.2065111e-05
20170207-153439-0.jpg,0,0,0.84098166,0.00013421036,4.0749301e-05,1.0886504e-05,6.9966584e-05,1.8922672e-05,7.0664096e-06,0.15718162,0.0015549152
20170207-153455-0.jpg,0,7,0.14163861,0.00032312227,4.1078016e-05,1.6686661e-05,5.4708852e-05,3.785821e-05,4.038854e-05,0.85756236,0.00028518972
20170207-154046-0.jpg,0,0,0.90453074,0.0031629797,0.0003182172,0.00059605364,0.00013158066,0.00066552947,6.8075964e-05,0.080435111,0.010091717
20170207-154209-0.jpg,0,0,0.99974109,6.3288194e-05,7.7772592e-06,8.4103611e-06,6.7747522e-06,2.6500451e-05,2.1039332e-06,6.6129084e-05,7.7927216e-05
20170207-155423-0.jpg,0,0,0.98523311,0.0038179807,2.6943211e-05,1.3779575e-05,7.3783432e-06,6.7904162e-05,4.0080167e-05,0.0097618967,0.0010309238
20170210-130536-0.jpg,7,7,0.00015465854,0.00020578473,0.00010285172,6.9579315e-05,1.7039186e-05,0.00015687789,0.00014833304,0.99905987,8.5003622e-05
20170210-130854-0.jpg,7,7,0.00020572309,8.0794628e-05,1.0298714e-05,3.8030504e-06,2.6464854e-06,7.0601636e-06,1.1115712e-05,0.99966906,9.495209e-06
20170210-131016-0.jpg,7,7,0.0039418108,0.00098232269,7.37275e-05,4.2214758e-05,9.1502005e-06,1.0262604e-05,0.0013861443,0.99334591,0.00020845221
20170210-131113-0.jpg,7,7,5.641404e-05,0.00013123184,2.5444997e-05,1.6622249e-05,1.2586684e-05,3.2293935e-05,5.729763e-05,0.99965115,1.6963544e-05
20170210-131130-0.jpg,7,7,7.8121875e-05,0.0003699571,2.0063379e-05,7.7177561e-06,4.7031328e-06,1.2462959e-05,4.1811197e-05,0.99944827,1.6890293e-05
20170210-131312-0.jpg,7,7,0.00035199273,1.8014586e-05,2.2887571e-06,1.0521647e-06,4.5964993e-07,1.825896e-06,2.2489462e-06,0.99961046,1.1655577e-05
20170210-131343-0.jpg,7,7,0.0001539975,2.6259619e-05,4.0908686e-06,3.5869017e-06,2.1688275e-06,2.090156e-05,6.7961292e-06,0.99977621,5.985565e-06
20170210-131431-0.jpg,7,7,3.8415168e-05,2.4340516e-05,1.3228731e-05,1.2200242e-05,3.36838e-06,2.8119299e-05,3.1746286e-05,0.9998337,1.4880833e-05
20170210-131528-0.jpg,7,7,0.0001096555,0.00034246229,7.2568318e-05,5.1202608e-05,3.5205761e-05,7.3229195e-05,0.00014209823,0.99911515,5.8423159e-05
20170210-131552-0.jpg,7,7,6.776348e-05,1.5446645e-05,5.7229768e-06,3.7416727e-06,2.6733128e-06,8.0601695e-06,6.028837e-05,0.99981867,1.7632217e-05
20170210-131638-0.jpg,7,7,5.1336476e-05,8.0083992e-05,2.7839884e-05,1.7285186e-05,1.0466966e-05,2.785992e-05,4.9493972e-05,0.99970984,2.5789722e-05
20170210-131711-0.jpg,0,0,0.98715402,0.0013097619,0.00028106001,0.00050016842,0.00085001436,0.00064504471,7.5017929e-05,0.0034916011,0.0056933134
20170210-131908-0.jpg,7,7,0.00025151624,0.0061679877,0.00024586848,7.5160619e-05,8.171277e-05,0.00010322003,0.00018125019,0.99278191,0.0001113763
20170210-132033-0.jpg,0,0,0.67938652,0.0005328306,0.00040273463,0.00012460783,0.00010266839,5.3839205e-05,0.00063225533,0.30620159,0.012562956
20170210-132249-0.jpg,0,0,0.99766759,9.5097869e-06,1.663926e-05,3.657385e-05,6.4715469e-06,0.00011906223,1.6938435e-05,0.0019735152,0.00015370129
20170210-132455-0.jpg,0,0,0.9927959,6.5703055e-05,4.0960716e-06,1.6442877e-05,3.685475e-06,0.00031336557,4.2816501e-06,0.0065628576,0.00023366361
20170210-132545-0.jpg,0,0,0.99831894,6.0949805e-05,2.4810669e-05,3.790248e-05,1.4198731e-05,0.00017863873,2.5024549e-05,0.0012620088,7.7521589e-05
20170210-132736-0.jpg,0,0,0.99558667,5.6850562e-05,0.00014021365,0.00023071335,0.00018309936,3.5878417e-05,5.8524583e-05,0.00052901299,0.003179039
20170210-133205-0.jpg,0,6,0.26904943,0.0039019502,0.00022281056,0.00042477104,9.8295829e-05,0.00063241149,0.6300513,0.093469179,0.0021498499
20170210-133707-0.jpg,0,0,0.90188808,0.047719954,9.7425546e-05,0.00045997053,6.2307467e-05,1.2595472e-05,0.00020091917,0.03282761,0.016731139
20170210-133731-0.jpg,0,0,0.97834476,0.0017953735,1.9361648e-05,1.0066368e-05,8.7937096e-06,7.277748e-06,7.231391e-05,0.017517952,0.0022241047
20170210-133739-0.jpg,0,7,0.063095717,0.0011974409,1.357755e-05,1.7632121e-05,8.4367077e-06,3.3982622e-05,0.0014028437,0.93388572,0.00034464686
20170210-133923-0.jpg,0,0,0.99436088,0.00010342184,0.00013406875,7.5526307e-05,1.9307932e-05,4.8224291e-05,2.4616844e-05,0.0044893071,0.00074464785
20170210-141430-0.jpg,7,7,0.034689092,0.45211415,0.0015786038,0.001576755,0.00038743758,0.0002245092,0.00069019738,0.47798562,0.030753638
20170210-141621-0.jpg,7,7,0.00015103645,6.9247922e-05,1.0969058e-05,3.0257527e-06,1.8580492e-06,1.2545936e-05,1.4770131e-05,0.99971701,1.9536592e-05
20170210-141858-0.jpg,7,7,0.0029162563,5.2116094e-06,1.3779991e-06,1.6737972e-06,8.1181275e-07,3.5461829e-06,4.9094235e-06,0.99703774,2.8472753e-05
20170210-142258-0.jpg,7,7,0.00027501332,0.00010155291,2.9155233e-05,3.3466383e-05,8.0142071e-06,1.7924812e-05,2.0625533e-05,0.99934142,0.00017282795
20170210-142318-0.jpg,7,7,0.00024353797,4.3449653e-05,1.5436736e-05,9.3351419e-06,3.9305169e-06,1.2561913e-05,8.2235178e-06,0.99961628,4.7242337e-05
20170210-142409-0.jpg,7,7,4.9526609e-05,8.831267e-05,1.9339999e-05,1.0868047e-05,5.0491672e-06,1.0853948e-05,2.1145396e-05,0.99977106,2.3840254e-05
20170210-142444-0.jpg,7,7,0.00028733669,0.00015162123,2.0289738e-05,5.6857115e-06,4.870384e-06,3.0920816e-05,1.7129773e-05,0.9994696,1.2548893e-05
20170210-142523-0.jpg,7,7,0.00023270355,0.00043642578,8.3507064e-05,5.1098394e-05,3.3094546e-05,0.00018720436,0.00021377756,0.99871243,4.9759023e-05
20170210-142607-0.jpg,7,7,4.6693746e-05,1.389649e-05,1.1043502e-05,3.7597095e-06,2.382478e-06,1.9724899e-05,3.2642913e-05,0.99986471,5.1464027e-06
20170210-142627-0.jpg,7,7,0.00017701686,1.8334426e-05,2.6617016e-05,1.2911677e-05,4.1698934e-06,6.4576626e-05,7.7810551e-05,0.99959704,2.1519973e-05
20170210-142721-0.jpg,7,7,0.000320077,1.6621712e-05,5.4923248e-06,2.7781309e-06,9.0667113e-07,3.0025804e-06,3.176018e-06,0.99963858,9.3641653e-06
20170210-145509-0.jpg,0,0,0.99929129,2.6706049e-05,7.5472708e-06,1.1668238e-05,8.3343263e-06,1.5607944e-05,2.3892618e-06,8.017738e-05,0.00055627975
20170210-145705-0.jpg,0,0,0.99756241,0.0014068286,1.4843682e-05,1.8749745e-05,1.4070737e-05,0.00014270403,1.1598286e-05,0.00033323023,0.00049556613
20170210-145719-0.jpg,0,0,0.9994993,0.00018108573,6.2591871e-06,1.0954918e-05,1.5028368e-05,2.3239317e-05,3.1985511e-06,0.00017350191,8.7431452e-05
20170210-145824-0.jpg,0,0,0.86395537,0.0060451677,0.00021843669,0.00017029592,3.8933698e-05,0.00083063208,5.8376297e-05,0.1026309,0.026051891
20170210-150120-0.jpg,0,0,0.99731212,0.0014041478,4.195607e-05,2.7010524e-05,1.4704258e-05,0.00011872338,1.6035437e-05,0.00088914695,0.00017615245
20170210-150605-0.jpg,0,0,0.99741289,0.00012805527,2.4692041e-05,1.7525835e-05,1.2970343e-05,0.00021076205,2.6111138e-06,0.00047064958,0.001719847
20170210-150618-0.jpg,0,0,0.94839581,0.0013784368,0.00011034587,0.00013516365,0.00011482732,0.0067072476,4.5043926e-05,0.037825782,0.0052873416
20170217-095208-0.jpg,7,7,0.00018335894,1.1716121e-05,1.937213e-06,8.4328748e-07,8.754395e-07,1.2106949e-06,1.1904885e-05,0.99975345,3.4707668e-05
20170217-095216-0.jpg,7,7,0.00018153377,6.8715083e-05,9.8992764e-06,4.9859427e-06,3.8392539e-06,9.6754024e-06,0.00010160833,0.99956973,5.0014037e-05
20170217-095330-0.jpg,7,7,0.0024587905,1.7629946e-05,1.3386049e-05,4.5819725e-06,2.4923717e-06,1.1214398e-05,5.5468779e-05,0.99705155,0.00038488495
20170217-095357-0.jpg,7,7,4.4688694e-05,0.00010993824,1.2897939e-05,7.5751409e-06,9.729844e-06,1.1572583e-05,7.1105926e-05,0.99967802,5.4468234e-05
20170217-095626-0.jpg,7,7,1.5065926e-05,1.9042105e-05,3.1342464e-06,1.5799024e-06,1.3027143e-06,3.5904539e-06,1.8668418e-05,0.99993146,6.156841e-06
20170217-095739-0.jpg,7,7,4.0122361e-05,6.6054204e-06,1.0532638e-06,1.0259556e-06,6.4116053e-07,1.7669175e-06,1.9756679e-06,0.99993749,9.317538e-06
20170217-095850-0.jpg,7,7,0.06043434,4.7988708e-05,2.106309e-05,1.1143269e-05,1.8314997e-05,6.126978e-05,1.4094317e-05,0.9390712,0.00032058064
20170217-100939-0.jpg,7,7,0.024559638,2.0291627e-05,1.5966581e-06,1.5863014e-06,6.2332832e-07,4.9423581e-06,1.0689544e-06,0.97525151,0.00015874091
20170217-101020-0.jpg,7,7,0.1976858,0.00061334277,2.4021984e-05,7.2340075e-06,7.2944288e-06,7.2101297e-05,5.0788357e-06,0.80135017,0.00023495113
20170217-102010-0.jpg,0,0,0.99724343,2.0674458e-05,5.3054959e-05,5.3521429e-05,3.4178539e-05,8.7329255e-05,3.0935109e-05,0.00023667299,0.0022402076
20170217-102437-0.jpg,0,0,0.99963889,1.0094678e-05,5.8265859e-06,3.5814112e-06,6.4242819e-06,1.0377903e-05,1.0226103e-06,0.00017152638,0.00015225203
20170217-102857-0.jpg,0,0,0.99868006,1.4901422e-05,2.8477341e-06,5.4589626e-06,3.1706684e-06,2.6973104e-05,1.6165049e-07,0.0011957346,7.069682e-05
20170217-102914-0.jpg,0,0,0.99941582,0.0001812253,9.9213216e-06,1.0291145e-05,4.3903682e-06,1.9655391e-05,1.533906e-06,0.00025427836,0.00010288774
20170217-102923-0.jpg,0,0,0.99915147,0.00010597002,4.1971667e-05,3.9445149e-05,2.9971967e-05,3.579563e-05,2.1125745e-06,0.00012208888,0.00047117361
20170217-103649-0.jpg,0,0,0.83501985,0.0017422117,0.00066591614,0.0078120643,0.00085037485,0.00011618741,0.0052027053,0.073306253,0.075284438
20170217-103810-0.jpg,0,0,0.98034601,1.6084905e-05,5.9752869e-06,8.0610697e-06,2.8989956e-06,0.00027465648,1.7547298e-06,0.019137023,0.00020753704
20170217-103940-0.jpg,0,0,0.99866167,5.1166784e-05,9.4444174e-06,8.5320071e-05,1.7743999e-05,0.00041029491,5.1287207e-06,7.153811e-05,0.00068768889
20170217-104234-0.jpg,0,0,0.99884305,0.00011848744,5.8180924e-06,3.58594e-06,4.3108675e-06,3.2118333e-05,1.5081016e-06,0.00095145815,3.966238e-05
20170217-111024-0.jpg,0,0,0.99739872,5.8052545e-05,5.6258702e-05,0.00054479265,9.1451274e-05,0.00050355638,2.8185756e-05,0.00090772065,0.00041125957
20170217-112348-0.jpg,0,0,0.99957558,8.7121163e-06,3.1343196e-06,2.2863173e-06,2.3794075e-06,1.3559875e-05,7.0902143e-07,0.00018443714,0.00020919943
20170217-113008-0.jpg,0,0,0.99532934,0.00026483939,2.5043874e-05,2.6396088e-05,1.1801343e-05,4.6560204e-05,1.3710526e-05,0.0040151621,0.00026715009
20170217-113200-0.jpg,7,7,0.00012486364,2.1028584e-05,9.0786502e-06,3.95379e-06,6.9204479e-06,1.3434039e-05,3.1442284e-05,0.99977116,1.8118729e-05
20170217-113245-0.jpg,0,0,0.96727196,0.004782058,0.00048961667,0.00043338284,0.00023313063,0.0033857213,0.00036917452,0.019398404,0.0036365498
20170217-113546-0.jpg,0,0,0.99816562,2.5389246e-05,3.8921707e-05,4.4896564e-05,5.8908812e-06,0.00079297488,3.2140407e-06,0.00087378021,4.9308077e-05
20170217-113636-0.jpg,0,8,0.054404885,8.6440004e-05,0.0001318538,0.00028416832,4.7313014e-05,0.00073245963,6.2129598e-05,0.00011317258,0.94413758
20170217-113716-0.jpg,7,7,0.001915443,1.0762349e-05,7.9099801e-06,3.2240585e-06,3.4521311e-06,3.1896029e-05,7.5489399e-06,0.99786578,0.00015398265
20170217-114451-0.jpg,7,7,0.00022222241,4.941319e-05,3.0789533e-05,2.6284046e-05,3.8813898e-06,5.0432902e-05,5.5011879e-05,0.99886427,0.00069769109
20170217-114455-0.jpg,0,0,0.99223707,0.00022580274,0.00014779891,0.00036555301,0.00019956081,0.0051871483,0.0003504731,0.00090630335,0.00038028536
20170217-114509-0.jpg,7,7,9.4436741e-05,1.1928308e-05,3.5367778e-05,2.3080892e-05,1.0104316e-05,4.3686336e-05,6.6224953e-05,0.99943759,0.00027758152
20170217-114526-0.jpg,7,7,0.00011902378,1.184266e-05,1.6121469e-05,1.3914285e-05,7.7767158e-06,2.6138308e-05,5.9551282e-05,0.9996045,0.00014113288
20170217-114724-0.jpg,7,7,0.00021199454,1.4974931e-05,6.6262558e-06,1.4955172e-05,1.1024355e-05,1.0488087e-05,0.00078145573,0.99887173,7.6748825e-05
20170217-115125-0.jpg,7,7,0.00034526742,4.5908198e-06,4.091911e-06,2.4597565e-06,1.2958839e-06,6.0333175e-06,7.5517e-05,0.99939959,0.00016115625
20170217-115315-0.jpg,0,0,0.99948105,6.0811941e-05,1.1889038e-05,4.0662935e-06,1.7442663e-06,1.6581676e-05,3.5442278e-06,0.00038760921,3.2705027e-05
20170217-115332-0.jpg,0,0,0.99844078,0.00057535066,0.00010581292,5.3287606e-05,1.7283273e-05,6.968462e-05,2.2261768e-05,0.0004212026,0.00029433626
20170217-120123-0.jpg,0,0,0.99921291,4.5738401e-05,1.5642362e-05,7.2446473e-06,1.2683993e-05,2.4060838e-05,6.2872964e-06,2.7699784e-05,0.00064773717
20170217-120307-0.jpg,0,0,0.99842695,0.0003962231,2.7094455e-05,2.4635961e-05,1.8544667e-05,2.9193483e-05,1.0553369e-05,0.00013088017,0.00093592569
20170217-120325-0.jpg,7,7,0.0014524834,0.00036089561,5.6466543e-06,1.4082536e-05,3.4582117e-06,7.8744702e-06,0.0012776147,0.99678895,8.8999404e-05
20170217-120401-0.jpg,7,7,0.26074893,7.2081625e-05,3.4824914e-05,3.1807399e-05,1.4021547e-05,0.00044951763,4.163381e-06,0.73831564,0.00032901477
20170217-120434-0.jpg,7,7,0.0014598113,0.00011942049,7.8687388e-05,2.444119e-05,1.8884887e-05,0.00012271017,0.00039078207,0.9964482,0.0013370638
20170217-120606-0.jpg,7,7,8.2510558e-05,2.5907575e-06,5.015302e-06,3.5717445e-06,1.6971226e-06,3.7849358e-06,8.9074954e-06,0.99987026,2.1661448e-05
20170217-121035-0.jpg,0,0,0.99917503,0.00015551535,1.8334155e-05,2.5499159e-05,1.0220111e-05,6.4266095e-05,4.1290775e-06,0.00041755393,0.00012945015
20170217-121807-0.jpg,0,0,0.99945099,0.00012909412,1.2333528e-05,1.4025368e-05,8.5529557e-06,3.9062408e-05,3.144437e-06,0.00027072483,7.2067678e-05
20170217-122257-0.jpg,0,0,0.99966784,5.8255859e-05,2.6823e-05,1.0202495e-05,1.9916383e-05,5.1708702e-05,2.5997192e-05,2.7333725e-05,0.00011192063
20170217-143546-0.jpg,7,7,0.068309403,8.8854536e-05,1.5977188e-05,9.3019742e-06,4.2595482e-06,3.8635088e-05,1.122043e-05,0.93093461,0.00058774344
20170217-143757-0.jpg,7,7,0.0001203305,0.00014255128,4.0726812e-05,3.1883563e-05,6.1535946e-06,3.4784054e-05,0.00024381757,0.99932951,5.0243453e-05
20170217-143939-0.jpg,7,7,0.0014291803,3.4743298e-05,1.1354094e-05,1.5221859e-06,1.556056e-06,2.0617637e-05,2.4745806e-06,0.99842572,7.2836425e-05
20170217-144043-0.jpg,7,7,0.00038400132,9.534744e-05,3.6806131e-05,8.2977627e-06,2.4794187e-06,1.4320338e-05,0.00017470408,0.99926095,2.3094404e-05
20170217-144154-0.jpg,7,7,0.00058596779,1.7721579e-05,1.2573707e-05,1.861524e-05,7.9009802e-06,1.0389357e-05,1.9400421e-05,0.99921637,0.00011105923
20170217-144329-0.jpg,7,7,5.7475499e-05,2.9680604e-06,3.2677378e-06,2.0156577e-06,1.5777756e-06,1.6541271e-06,1.6403127e-05,0.99990666,7.9755922e-06
20170217-144455-0.jpg,7,7,0.0022690259,1.4569547e-05,7.465834e-06,2.1412398e-06,1.3846971e-06,3.0097528e-06,2.6009019e-06,0.99765075,4.9048889e-05
20170217-144656-0.jpg,7,7,3.5893618e-05,8.8049286e-06,3.9368755e-06,4.3513297e-06,2.3082901e-06,4.0764666e-06,6.9669069e-06,0.99992671,6.9480117e-06
20170217-144722-0.jpg,7,7,0.00039004908,1.5743852e-05,3.6007142e-06,7.2191726e-06,1.6634603e-06,5.3327954e-06,5.6640163e-05,0.99947914,4.0612484e-05
20170217-144838-0.jpg,7,7,0.00014748204,3.4192357e-05,2.0227432e-06,2.122026e-06,3.5045023e-07,2.9916617e-06,6.1060655e-06,0.99980015,4.5870345e-06
20170217-145008-0.jpg,7,7,0.00044366513,9.2044073e-05,5.1302808e-06,4.4953363e-06,2.2553068e-06,2.2754807e-05,1.4964149e-05,0.99941117,3.5192161e-06
20170217-145329-0.jpg,7,7,8.9976825e-05,1.6667794e-05,1.6490522e-05,1.7129265e-05,7.0779204e-06,4.3060644e-05,2.2907416e-05,0.99974192,4.4771173e-05
20170217-145531-0.jpg,0,0,0.99857847,2.0695345e-05,2.0587289e-05,2.5062656e-05,3.5983458e-05,4.343462e-05,1.1780851e-05,0.0006116058,0.00065238435
20170217-145646-0.jpg,0,0,0.90991299,1.41947e-05,1.8324623e-05,1.1073644e-05,6.2690454e-06,1.2247953e-05,2.1130096e-05,0.089703327,0.00030044154
20170217-150100-0.jpg,0,0,0.99937988,0.00012696324,2.5854543e-05,1.491877e-05,2.4648897e-05,5.0848973e-05,8.2599977e-06,0.00016180013,0.00020682635
20170217-150219-0.jpg,0,0,0.9988522,1.0095225e-05,7.8064591e-06,1.0728141e-05,5.1410931e-06,6.8279344e-05,4.5550178e-06,0.00049578257,0.00054541533
20170217-150454-0.jpg,0,0,0.98926584,0.00052192487,0.00024673987,0.00017323642,4.8524739e-05,0.0001257904,0.00028176734,0.0031656597,0.0061705197
20170217-152211-0.jpg,0,0,0.99988604,1.246039e-05,3.4556277e-06,7.6424303e-06,1.3508978e-06,7.0173725e-06,3.3596829e-07,5.0311344e-05,3.1386826e-05
20170217-152541-0.jpg,0,0,0.9983998,4.7234339e-05,3.4612124e-05,5.6213842e-05,1.5342966e-05,1.8123111e-05,2.7061187e-05,0.0010502156,0.00035139973
20170304-124121-0.jpg,0,0,0.90867135,9.8764543e-05,3.8023844e-05,3.3114924e-05,1.1601916e-05,1.9793583e-05,6.9172788e-06,0.090913592,0.00020684258
20170304-124139-0.jpg,0,0,0.91816514,0.018649528,0.00046121591,0.0035750802,0.00035880689,0.0043737095,0.0080817695,0.019727833,0.026606914
20170304-124630-0.jpg,0,0,0.99915585,3.4305159e-05,6.0712547e-06,4.7190427e-06,4.7122767e-06,1.0658329e-05,6.0465197e-06,0.00036438371,0.00041324883
20170304-124720-0.jpg,0,0,0.96810041,0.00024966331,4.0824102e-05,2.880351e-05,4.5358285e-05,0.00032323803,2.5186728e-05,0.022295466,0.0088910539
20170304-124728-0.jpg,0,7,0.49520741,0.00022160184,2.5267245e-05,0.00014125541,4.709241e-05,0.001571947,1.4919196e-05,0.4989969,0.0037736054
20170304-124944-0.jpg,0,0,0.89034319,0.00031001848,1.5173697e-05,9.6696391e-06,7.365473e-06,0.00017932344,7.0475236e-06,0.10849212,0.00063609606
20170304-125032-0.jpg,0,0,0.9972194,8.9849138e-06,2.2245473e-06,6.3863856e-06,1.6197101e-06,1.4894065e-05,4.7475725e-07,0.0024500725,0.00029594664
20170304-125101-0.jpg,0,0,0.94625478,4.1750812e-05,3.8719498e-06,9.9856566e-06,3.003601e-06,1.6086363e-05,5.6586893e-07,0.052283795,0.001386158
20170304-125110-0.jpg,0,0,0.98933469,4.4364413e-05,1.1144815e-05,1.1951232e-05,1.6255379e-05,3.9610535e-05,2.3891079e-06,0.0089488064,0.0015907917
20170304-125226-0.jpg,0,0,0.99920219,9.5780379e-06,4.5745516e-06,6.7556122e-06,9.1481303e-06,2.3415053e-05,1.4880018e-06,0.00058048951,0.00016235726
20170304-125249-0.jpg,0,0,0.99437335,0.00018266183,6.3625242e-05,5.1105399e-05,1.9100565e-05,0.00018841956,2.2038496e-05,0.0049610331,0.00013867074
20170304-125325-0.jpg,0,0,0.98945752,0.00011108593,3.8843701e-05,0.00011323266,2.9509838e-05,0.00074600944,3.4308929e-06,0.0082170562,0.0012833099
20170304-125343-0.jpg,0,0,0.99860901,5.1716995e-05,1.716247e-05,7.9716042e-06,1.0916847e-05,2.2139933e-05,2.0652946e-06,0.00086911056,0.00040990137
20170304-125436-0.jpg,0,0,0.99867112,1.6141321e-05,1.759906e-05,6.1056294e-06,9.4875589e-06,9.1374946e-05,7.8179597e-06,0.00049753438,0.000682815
20170304-130214-0.jpg,7,7,0.0001758637,5.653853e-06,1.2068338e-05,9.1265945e-06,2.2845439e-06,1.9288127e-05,1.3387546e-05,0.9995671,0.00019523206
20170304-130844-0.jpg,7,7,9.6052429e-05,8.7107585e-05,6.78835e-06,4.3959497e-06,1.8586434e-06,1.7143556e-06,3.8440213e-06,0.99971989,7.834744e-05
20170304-130929-0.jpg,7,7,8.1074693e-05,5.8291478e-06,1.628455e-06,2.9572595e-06,4.8090568e-07,1.3067576e-06,1.5439152e-06,0.99986302,4.2162415e-05
20170304-131410-0.jpg,7,7,0.00023133409,0.013598001,5.5565191e-05,2.2181608e-05,1.8937711e-05,0.00010419293,0.00014076433,0.98548604,0.00034298254
20170304-131712-0.jpg,7,7,0.0005977113,0.0019669622,0.00010380816,0.00010885583,3.7897609e-05,8.9605567e-05,0.00032288311,0.99617884,0.0005934382
20170304-131755-0.jpg,7,7,0.0056341606,8.0043253e-05,5.5784863e-06,9.0579338e-06,5.9872242e-06,6.8708146e-06,9.012229e-05,0.99345102,0.00071716059
20170304-131822-0.jpg,7,7,0.00028941605,7.5272212e-05,2.5411787e-06,7.0546911e-06,2.0233899e-06,2.0872548e-05,3.9148377e-06,0.99957865,2.0256791e-05
20170304-131904-0.jpg,7,7,0.39200143,8.8753833e-05,4.9487724e-05,3.597694e-05,9.1206547e-05,0.00011700553,1.9535054e-05,0.56055411,0.047042502
20170304-132038-0.jpg,7,7,0.0007140284,2.4672762e-05,2.0997451e-06,1.2006664e-06,1.1995779e-06,1.1770468e-06,6.8515945e-06,0.99924101,7.762678e-06
20170304-132151-0.jpg,7,7,0.0034756036,1.4937272e-05,1.7639282e-06,3.5299312e-06,1.6488325e-06,1.3948196e-05,6.6614726e-07,0.99632363,0.00016427577
20170304-132230-0.jpg,7,7,0.0031610873,1.4514188e-05,1.092517e-05,4.9029459e-06,3.7407788e-06,7.3754849e-06,1.2294758e-05,0.99668938,9.577875e-05
20170304-132357-0.jpg,7,7,0.051318484,3.9061067e-05,1.2020785e-05,1.8509499e-05,8.0619502e-06,0.00010697393,3.5251656e-06,0.94811087,0.0003824918
20170304-132439-0.jpg,7,7,7.6233259e-05,4.9162821e-06,8.5978569e-07,1.2795244e-06,3.6441942e-07,1.7424884e-06,7.7090649e-07,0.99990092,1.290839e-05
20170304-132619-0.jpg,7,7,0.0011086517,0.00039947881,1.4178225e-05,5.1891933e-05,9.5851835e-06,1.8393919e-05,0.00020100229,0.99726822,0.00092859808
20170304-132652-0.jpg,7,7,0.022889755,0.0029971909,0.00018803054,0.0010469764,0.00017243565,4.1523872e-05,0.00077873444,0.96905384,0.0028315148
20170315-085127-0.jpg,8,7,0.020760718,0.0045214004,0.00093654592,0.0045928129,0.00045165702,0.037254961,0.0041799188,0.7149172,0.21238479
20170315-085317-0.jpg,8,8,0.02653826,0.012005607,0.0003550688,0.0021719752,0.00016613696,0.00064283939,0.070240801,0.017761671,0.87011764
20170315-085401-0.jpg,8,8,3.6175647e-05,0.0026906692,8.659318e-06,2.3641318e-05,6.0392949e-06,3.991933e-05,0.00077765895,3.552597e-05,0.99638171
20170315-085835-0.jpg,8,8,0.00055812991,0.0013987356,0.00011955772,0.00056814088,6.2888466e-05,0.00042129052,0.0006949274,0.00092973361,0.9952466
20170315-085848-0.jpg,8,8,0.00061348124,0.0035482697,9.8790639e-05,0.00023282118,5.3048052e-05,6.0344155e-05,0.00084103439,0.00070561041,0.9938466
20170315-085923-0.jpg,8,8,0.00017338418,0.00012830625,1.8690556e-05,7.1002977e-05,1.5175651e-05,0.00016608372,6.1049095e-05,7.3946449e-05,0.99929236
20170315-090155-0.jpg,8,8,0.00049353618,0.00020585648,5.5388191e-05,0.00040639169,0.00011774613,0.0023084112,0.00032216717,0.00029997986,0.99579052
20170315-090434-0.jpg,8,8,0.00029048118,2.3078574e-05,7.5775609e-06,6.8008759e-05,6.3211384e-06,6.5822295e-05,2.3552331e-05,0.0003213876,0.99919377
20170315-090543-0.jpg,8,8,0.00012629848,1.0896761e-05,5.5780147e-06,2.7064986e-05,8.2476717e-06,6.003699e-05,3.6709161e-05,3.1584816e-05,0.99969358
20170315-090552-0.jpg,8,8,0.00033963023,0.00048116162,8.6460739e-05,9.1914835e-05,2.1068111e-05,0.0010508587,0.00053025807,7.0790578e-05,0.99732786
20170315-090713-0.jpg,8,8,0.00020234024,0.00021381143,1.7771131e-05,0.00024865404,1.6690286e-05,0.00058332404,0.00037360709,6.8368182e-05,0.99827543
20170404-153649-0.jpg,7,7,0.0044567584,0.00029310288,1.851329e-05,1.3004548e-05,3.3961997e-06,1.5320012e-05,9.3124301e-05,0.99484543,0.00026135431
20170404-153716-0.jpg,7,7,9.3607581e-05,0.00065112179,2.5243963e-05,1.4583255e-05,5.6673393e-06,1.9228242e-05,0.00011348845,0.99903054,4.6524117e-05
20170404-153744-0.jpg,7,7,0.0020000413,0.0018412202,9.0241122e-05,3.5827252e-05,2.5723721e-05,6.8536659e-05,7.2135619e-05,0.99540424,0.00046202961
20170404-153837-0.jpg,7,7,4.2877782e-05,2.9902156e-05,9.2986254e-06,1.0643634e-05,4.1556856e-06,7.7576591e-06,0.00017394946,0.99958456,0.00013685743
20170404-153902-0.jpg,7,7,6.7789757e-05,5.4385507e-06,3.9416813e-06,1.7947045e-06,1.6689612e-06,6.9492084e-07,3.3157897e-05,0.99984195,4.3559439e-05
20170404-153924-0.jpg,7,7,2.8130007e-05,9.4473741e-06,1.3415899e-06,1.1595096e-06,3.0095861e-07,6.3410821e-07,3.0315538e-06,0.99994845,7.5094297e-06
20170404-153946-0.jpg,7,7,6.0342045e-05,5.8957738e-05,7.7204904e-06,2.72205e-06,1.7758918e-06,4.5669773e-06,8.5364438e-06,0.99982073,3.464857e-05
20170404-153959-0.jpg,7,7,4.1158116e-05,2.9519323e-05,3.4429184e-06,2.4683699e-06,1.1963343e-06,6.0034054e-06,3.3431958e-05,0.99985734,2.5442113e-05
20170405-154714-0.jpg,0,7,0.44335637,0.00030438435,1.7460494e-05,1.2476903e-05,3.5721825e-06,1.3868194e-05,1.3829477e-05,0.5559951,0.00028293682
20170405-154756-0.jpg,0,8,0.062400551,0.0066650035,0.00015563292,0.0021849813,0.00012159466,0.0012255047,0.00342734,0.048884042,0.87493535
20170405-154952-0.jpg,0,8,0.09929159,0.29162934,0.00013633202,0.00061668298,3.5875003e-05,0.0014192324,0.0015052221,0.27340832,0.3319574
20170405-155206-0.jpg,0,0,0.99813436,0.00023755215,1.3732601e-05,2.9788703e-05,1.037597e-05,7.1776133e-05,1.3914529e-05,0.0013760691,0.00011243274
20170405-155257-0.jpg,0,0,0.9815132,0.0083742983,0.00039729309,0.00054513524,0.00046235558,0.0008705945,0.0012557814,0.0042930078,0.0022883295
20170405-155438-0.jpg,0,0,0.98417137,0.0013726004,4.2244474e-05,0.00046514476,4.1630277e-05,0.00037617078,9.9437873e-06,0.0010177079,0.012503191
20170405-155840-0.jpg,0,0,0.98299098,0.0070595661,5.8723171e-05,2.0381844e-05,3.8799906e-05,9.0214549e-05,3.6386337e-05,0.0088375034,0.00086744074
20170405-155903-0.jpg,0,0,0.76538825,0.042036779,0.00093846589,0.00020714405,0.00028122144,7.4094381e-05,0.0048839053,0.15804827,0.028141865
20170405-155929-0.jpg,0,0,0.99407824,0.0014373523,1.5850804e-05,1.3969145e-05,1.4846234e-05,7.3218604e-06,2.2175815e-05,0.0040291481,0.00038109267
20170405-160203-0.jpg,0,0,0.94391596,0.0052206578,0.0021208641,0.0030567457,0.00030301831,5.8623294e-05,0.0016348304,0.04115887,0.0025304327
20170405-160241-0.jpg,0,0,0.95454282,0.00017225407,3.2459936e-05,1.9958895e-05,2.8709099e-05,2.0336188e-05,2.2612918e-05,0.045101322,5.9523933e-05
20170405-160251-0.jpg,0,7,0.021823555,0.00016348035,9.7850202e-06,1.5851434e-05,6.9226067e-06,0.00037290827,8.5152664e-06,0.97680342,0.00079556536
20170405-160310-0.jpg,8,0,0.99456555,0.00053010329,6.5731322e-05,0.00048053778,6.126199e-05,0.0035684791,7.1013172e-05,0.00033849458,0.00031882464
20170410-124256-0.jpg,0,0,0.99034825,5.061493e-05,2.7791465e-06,6.4493425e-06,8.9743012e-06,3.3554213e-05,1.6977359e-05,0.0086037628,0.0009286427
20170410-124301-0.jpg,0,7,0.14028186,6.3050811e-05,0.00010074148,0.00010498141,1.1492841e-05,0.00022856631,6.0686831e-05,0.85810544,0.0010431776
20170410-124336-0.jpg,0,7,0.38041987,0.00064427049,0.00020035803,0.00051105477,7.2341894e-05,0.00011435531,9.5407534e-05,0.59305591,0.024886432
20170410-124543-0.jpg,0,0,0.95672179,0.00011615801,2.367806e-05,1.984015e-05,1.0627506e-05,1.7414894e-05,2.1372452e-05,0.043020692,4.8430318e-05
20170410-124556-0.jpg,0,7,0.31722189,0.00020875803,0.00028703618,0.00015366755,3.8862311e-05,1.1699921e-05,6.1495309e-05,0.67725263,0.0047639652
20170410-124729-0.jpg,0,0,0.90421283,0.0008570794,3.3021682e-05,0.00016362676,1.69237e-05,0.00031627728,6.5062161e-06,0.094103316,0.00029042147
20170410-124947-0.jpg,0,0,0.99824324,2.1882072e-05,2.2197633e-05,1.8166117e-05,2.0439777e-05,1.2895199e-05,1.1929476e-05,0.0006094573,0.0010397959
20170410-153340-0.jpg,7,7,0.00097479613,0.0032558739,4.8589747e-05,3.1257743e-05,3.3812847e-05,0.00024014653,0.0015976732,0.99325167,0.00056617719
20170410-153429-0.jpg,7,7,0.00014339988,6.0989725e-05,2.536124e-06,9.6541155e-07,3.2270077e-07,4.2301267e-06,0.00011213383,0.99963386,4.156666e-05
20170410-153813-0.jpg,7,7,0.0011296439,1.1258351e-05,1.8037884e-06,2.0293308e-06,1.5300212e-06,1.48011e-06,5.8642481e-06,0.9987189,0.00012749486
20170410-153913-0.jpg,0,0,0.99708011,0.00018394055,1.6352909e-05,2.6019044e-05,1.8564464e-05,0.00042755914,4.431572e-06,0.0017716413,0.00047137921
20170410-154041-0.jpg,7,7,0.0061252922,0.00034880635,6.6126152e-06,8.1473658e-06,2.1964991e-06,6.0393479e-05,1.0587161e-05,0.99337894,5.90223e-05
20170410-154213-0.jpg,0,0,0.94378804,0.00010030087,9.6888285e-06,2.5429915e-05,4.3419727e-06,0.00019312828,9.8145944e-07,0.047407811,0.0084702752
20170410-155859-0.jpg,7,7,9.998287e-05,8.1152082e-06,7.1581697e-06,3.1111657e-06,1.3309406e-06,2.2060358e-05,1.1917757e-05,0.99983342,1.2902488e-05
20170410-155936-0.jpg,7,7,0.00049302541,0.00014771857,2.4733209e-05,1.0071389e-05,2.3492423e-06,6.1885186e-05,7.9120538e-05,0.99911727,6.3824265e-05
20170501-142224-0.jpg,1,1,1.8730654e-05,0.99910765,6.0878522e-06,4.6348411e-07,3.8837362e-06,5.9803323e-07,0.00074383658,1.3573119e-05,0.00010517301
20170501-142343-0.jpg,1,1,1.0372699e-05,0.99958291,1.5445268e-05,2.7360509e-06,2.8141049e-06,1.5041006e-06,0.00016098396,3.9931214e-05,0.00018330024
20170501-142429-0.jpg,1,1,3.7487543e-05,0.99694907,7.6158656e-06,2.7568702e-06,2.8369639e-06,1.1351871e-06,0.00039001657,3.1011745e-05,0.0025780653
20170501-142730-0.jpg,1,1,6.252018e-05,0.98977523,1.7182301e-05,7.8421554e-06,7.2631908e-06,1.6929479e-05,0.0076621294,0.00015703878,0.0022938671
20170501-142803-0.jpg,1,1,1.3217219e-05,0.99821047,1.0251448e-05,3.6334877e-06,1.8100274e-06,1.2671114e-05,0.00026472561,0.00024710294,0.0012361193
20170501-142811-0.jpg,1,1,2.1745853e-06,0.99979057,3.839054e-06,1.3748672e-06,8.6243311e-07,3.7082742e-06,2.3940939e-05,3.2488317e-05,0.00014103923
20170501-142839-0.jpg,1,1,0.00078654498,0.99855754,3.963524e-06,1.370991e-06,1.1217188e-06,7.3222497e-06,5.6857051e-05,0.00056435461,2.0928248e-05
20170501-143014-0.jpg,1,1,1.1270073e-05,0.9995058,1.0393009e-05,1.5660946e-06,3.3681955e-06,1.0435882e-05,0.00010264838,3.6761655e-05,0.00031775458
20170501-143127-0.jpg,1,1,0.00040999104,0.96892878,7.9491078e-05,1.0742024e-05,1.0600996e-05,8.3691223e-06,0.00010780703,0.030286143,0.00015808077
20170501-143256-0.jpg,1,1,2.5400407e-05,0.99869321,4.7796341e-05,4.8552316e-06,1.2109099e-05,1.154813e-05,3.8177306e-05,0.00064480013,0.00052210366
20170501-143703-0.jpg,1,1,0.00012298786,0.99955777,1.2542149e-05,1.8617798e-06,4.6767558e-06,5.2671189e-06,0.00012666314,1.8100727e-05,0.0001501313
20170501-143728-0.jpg,1,1,1.8242147e-05,0.99932736,1.695303e-05,3.027169e-06,3.4731489e-06,1.3445134e-06,4.7884649e-05,3.9432122e-05,0.00054227915
20170501-144249-0.jpg,1,1,4.1841819e-05,0.99943766,7.129995e-05,2.7315903e-06,8.8079366e-06,1.6922631e-06,2.9015727e-05,1.1992835e-05,0.00039495861
20170501-144335-0.jpg,1,1,0.0002568679,0.95233329,0.00040464168,3.2011267e-05,4.000714e-05,9.2671185e-06,0.00083917194,0.003505952,0.042578794
20170501-144442-0.jpg,1,1,0.00011782989,0.99421526,7.6080161e-05,1.1323644e-05,1.3171675e-05,3.8264117e-06,0.00055036948,0.003361788,0.001650348
20170501-144548-0.jpg,8,8,0.08822572,0.076799686,0.00028916513,0.00044768387,0.00028193066,0.0083908932,0.00052891753,0.040236152,0.78479985
20170501-144820-0.jpg,8,8,0.0015798777,0.12293184,0.00026555339,0.00033676922,3.8314976e-05,0.00021292758,0.14910523,0.061785354,0.66374413
20170501-144927-0.jpg,8,8,0.036124021,0.01561123,0.0015335547,0.014751081,0.00078756774,0.0017385461,0.0033418929,0.075961375,0.85015073
20170501-145033-0.jpg,8,8,0.0016914183,0.0026369931,3.2812777e-05,0.0027787002,6.4658792e-05,0.0012432485,0.0019660746,0.00082335726,0.98876274
20170501-145358-0.jpg,8,8,0.00084347215,0.090976013,8.1580739e-05,3.8229214e-05,1.0584702e-05,2.4883401e-05,0.0061325571,0.0050032057,0.89688947
20170501-145436-0.jpg,8,8,0.0065410187,0.0025022594,0.00011356356,0.00069463847,2.8230024e-05,0.00010482901,0.00053413336,0.018417216,0.97106411
20170501-145501-0.jpg,8,7,0.10034186,0.013378402,0.00047656034,0.017656572,0.00010935943,0.001645663,0.00019991512,0.58515186,0.28103981
20170501-145533-0.jpg,8,8,0.021329259,0.0070769366,0.00017860471,0.00036243746,5.6376042e-05,9.1568325e-05,0.00042141037,0.016334015,0.95414939
20170501-145612-0.jpg,8,8,0.0015936623,0.00044646395,1.9501789e-05,0.0001698725,8.2414845e-05,9.9281237e-07,2.3988353e-05,0.0060144505,0.99164865
20170501-145819-0.jpg,8,8,0.0015654513,0.017236073,0.00020788798,0.00041523101,0.00011816386,0.00067859987,0.003753676,0.00075540442,0.97526951
20170521-153419-0.jpg,1,1,0.00011568863,0.86504942,4.4608001e-05,2.1809219e-05,1.4598647e-05,1.0804267e-05,0.00097532006,0.13355105,0.00021670123
20170521-153505-0.jpg,1,7,0.00093490929,0.012216185,5.9528864e-05,1.8068887e-05,2.2118357e-05,3.9320697e-05,0.00011055211,0.98644181,0.00015751029
20170522-093642-0.jpg,1,1,0.00026707518,0.96240682,6.3382814e-05,6.8897553e-05,3.5708921e-05,2.0708114e-05,0.0038129326,0.00067192405,0.032652547
20170522-123520-0.jpg,1,1,0.0011725361,0.93431019,5.5232184e-05,6.3295136e-05,3.0119125e-05,0.0028910983,0.047722306,0.011833155,0.0019220643
20170610-121827-0.jpg,1,1,0.016044551,0.95225337,0.00029455857,6.3908582e-05,8.5115847e-05,0.00022318676,0.012113858,0.01322599,0.0056954654
20170610-122104-0.jpg,1,1,0.0003742886,0.99343792,0.00025464163,3.8738989e-05,0.00014640382,0.00051296364,0.0021695208,0.00032984179,0.0027356763
20170610-122128-0.jpg,1,1,0.00022958697,0.94989636,0.00013353736,2.9798769e-05,4.4253886e-05,7.1055742e-05,0.043085295,0.00022501169,0.0062851033
20170610-122203-0.jpg,1,1,7.1573346e-05,0.6420974,0.00036837146,0.00017795392,0.0001956978,4.3602653e-05,0.007012931,0.00048808457,0.34954438
20170610-122424-0.jpg,1,1,0.00076608432,0.99313683,0.00012292863,7.4508859e-05,2.5638809e-05,0.00015057131,0.0001855371,0.0012016046,0.0043363002
20170610-122621-0.jpg,1,1,7.5312161e-05,0.99787148,3.4807685e-05,7.1890188e-06,6.8851937e-06,7.092599e-06,0.0018860683,2.9229876e-05,8.1935521e-05
20170610-122657-0.jpg,1,1,0.00086093251,0.80600712,0.0001882667,6.9697473e-05,6.7948046e-05,9.6661757e-05,0.18772039,0.00086033161,0.0041286496
20170610-122844-0.jpg,1,1,0.00015941268,0.99125945,9.2323123e-06,1.8737165e-05,2.0476706e-05,5.6935719e-06,0.0076763292,0.00054937775,0.00030129485
20170610-122854-0.jpg,1,1,0.0012872998,0.99221681,0.00011025041,8.7400918e-06,5.6276196e-05,4.5574917e-05,0.0059777011,2.8755317e-05,0.00026858944
20170610-123326-0.jpg,1,8,0.0010727098,0.42438691,0.00019504051,0.00031292952,0.00014718682,0.00013470308,0.13595749,0.00067895988,0.43711407
20170610-123517-0.jpg,1,1,0.00039807299,0.99273176,9.4198172e-05,2.5300627e-05,6.9789832e-05,0.00031449135,0.0012132417,0.00050139127,0.0046517501
20170610-123756-0.jpg,1,1,0.0011643932,0.72849298,0.00013385978,0.00014818418,2.2306586e-05,3.5351497e-05,0.00046649284,0.01625714,0.25327929
20170610-124003-0.jpg,1,1,0.018136267,0.72203631,0.00024884618,7.5633034e-05,3.8870649e-05,0.00012840432,0.0011999454,0.2468833,0.011252423
20170610-124209-0.jpg,1,1,0.00011511156,0.99650935,3.0695522e-05,3.5073142e-06,6.5560291e-06,5.164012e-06,0.0011819594,0.00048794712,0.0016597099
20170627-103439-0.jpg,0,0,0.90116868,0.00015658163,3.8279642e-05,0.00021414962,0.00026371596,3.6572945e-05,1.9651051e-06,0.086975303,0.01114475
20170627-103800-0.jpg,0,0,0.99735387,7.4311698e-05,6.3704781e-06,1.1499695e-05,7.1193925e-06,0.00018156574,4.7283144e-07,0.0020260834,0.00033870236
20170627-103912-0.jpg,0,0,0.99900828,4.4041518e-05,1.1680872e-05,1.4279355e-05,1.2154624e-05,0.00013088041,1.0811778e-06,0.00052629474,0.00025130532
20170627-104139-0.jpg,0,0,0.99949678,7.5880823e-06,3.7601715e-06,9.5686031e-06,3.9898772e-06,1.7115687e-05,5.2027262e-07,0.00017782739,0.00028285275
20170627-104522-0.jpg,7,7,7.9996883e-05,0.00031602238,2.5981488e-06,5.0423982e-06,8.203527e-07,6.6330365e-06,3.7043494e-06,0.99950109,8.4089309e-05
20170627-104818-0.jpg,7,7,0.0001157156,2.5218836e-05,2.1567092e-06,2.158204e-06,8.4334761e-07,9.0162069e-06,2.0916611e-05,0.99982021,3.7691714e-06
20170627-105129-0.jpg,7,7,0.00043468945,0.00010634215,7.2520189e-06,7.1929229e-06,3.4767613e-06,1.1319853e-05,0.006481571,0.99293594,1.2216688e-05
20170627-105314-0.jpg,0,8,0.031250417,0.0011704909,0.0030088898,0.0779436,0.0074216009,7.7085983e-05,9.9073809e-05,0.025519512,0.85350933
20170630-150531-0.jpg,7,7,0.00031512129,7.2771022e-05,5.2070631e-06,4.6519276e-06,1.8847788e-06,4.2871917e-06,0.00081376375,0.99877254,9.7752949e-06
20170630-151031-0.jpg,7,7,0.00088328058,2.3252286e-05,1.0296865e-05,7.2815246e-06,5.2709927e-06,3.1913475e-05,0.00045325391,0.99856989,1.5556538e-05
20170630-151649-0.jpg,7,7,0.00017313674,2.1773716e-05,1.4311484e-06,2.0443505e-06,1.4706351e-06,1.3934294e-06,2.2140745e-06,0.99975117,4.5364295e-05
20170630-151804-0.jpg,7,7,0.00094016261,0.00047252,5.3212656e-06,8.4277133e-06,2.1097418e-05,6.5850336e-06,9.0422442e-05,0.99823599,0.00021947747
20170630-152017-0.jpg,7,7,0.00010974188,6.3262089e-05,7.5794624e-07,3.5135671e-06,8.3521475e-07,7.8886542e-07,6.9632918e-06,0.99968476,0.00012937514
20170630-152127-0.jpg,7,7,0.0004715528,9.29274e-06,7.5188417e-07,9.261237e-07,6.4138831e-07,7.4248832e-07,3.7316246e-06,0.99947933,3.3032089e-05
20170630-152150-0.jpg,7,7,0.00027674803,0.00018472035,6.1174881e-06,1.3501605e-05,8.0516363e-06,7.7148766e-06,3.8605427e-05,0.99860838,0.00085615688
20170630-152500-0.jpg,7,7,0.0020805632,0.00046937431,3.2293163e-06,2.1346473e-05,1.7893853e-06,1.3457602e-06,2.307677e-06,0.99617819,0.0012418499
20170630-152604-0.jpg,7,7,0.0017833775,0.0049401587,2.3410035e-05,9.9636261e-05,2.7648168e-05,6.6938662e-06,0.00018383755,0.98747496,0.0054602776
20170630-153511-0.jpg,8,8,0.026264447,0.40312095,0.00080384147,0.0003583936,0.00068602367,0.00028613517,9.1374022e-05,0.048782428,0.5196064
20170630-153631-0.jpg,7,7,0.08788856,0.00062949762,0.00015528068,0.00013579434,7.3258309e-05,0.00022466502,0.0046707453,0.89239537,0.013826827
20170630-153907-0.jpg,8,8,0.006707518,0.00021146459,2.0990917e-05,2.9912311e-05,3.2341902e-05,0.00019900166,0.00029408688,4.4743727e-05,0.99245994
20170630-154345-0.jpg,7,7,0.00023336967,0.00012151073,5.6871401e-06,1.699691e-06,1.7374067e-06,2.0966511e-06,0.00056132645,0.99906809,4.4794593e-06
20170630-154406-0.jpg,7,7,0.00017072492,8.6872844e-05,1.3611482e-05,6.1105627e-06,2.3422471e-06,3.1139048e-05,1.521617e-05,0.99963342,4.0567299e-05
20170630-155109-0.jpg,7,7,0.0015126105,0.00041226464,6.7722323e-05,2.7694898e-05,2.7701211e-05,0.00040345934,0.00020985781,0.97166807,0.025670623
20170630-155129-0.jpg,7,8,0.017509135,0.0017653865,0.002724972,0.0001244679,0.00060813122,0.00092411102,0.00099098424,0.020299453,0.95505336
20170630-155212-0.jpg,7,7,0.00038425,0.00010917603,6.0209247e-06,3.2721747e-06,1.4631217e-06,4.2869159e-06,0.0003456648,0.99868068,0.00046518788
20170630-155415-0.jpg,7,7,8.8440244e-05,4.5434249e-06,3.5319439e-06,3.1180169e-06,2.709137e-06,2.3561842e-06,6.9457225e-05,0.99981991,5.9326432e-06
20170630-155544-0.jpg,7,7,0.00050219483,0.0014782389,1.9839685e-05,2.5026428e-06,3.5543726e-06,4.8155977e-06,0.00037766282,0.99760396,7.2314697e-06
20170630-155948-0.jpg,7,7,0.0066102527,0.0001431208,9.6875201e-06,1.3125927e-05,5.9018207e-06,1.4347584e-05,2.7905746e-05,0.99002758,0.0031480754
20170630-160224-0.jpg,7,7,0.0009572677,1.0788932e-05,1.2761774e-05,1.8100955e-05,4.5351226e-06,5.51807e-06,0.0007532776,0.98170725,0.016530505
20170630-160239-0.jpg,7,7,0.00032341616,4.9446096e-05,2.4082759e-05,1.6055545e-05,6.8819189e-06,5.0419672e-06,6.5301566e-05,0.99936587,0.00014390505
20170630-160252-0.jpg,7,7,0.012095134,0.071686143,9.8990167e-05,6.0570164e-05,1.4766901e-05,3.9015287e-05,0.00054850629,0.87931373,0.036143145
20170704-151330-0.jpg,7,7,0.0015764273,3.6037061e-05,2.9242282e-06,1.1727199e-05,3.6122349e-06,8.3785937e-06,2.0294393e-05,0.9969822,0.0013584014
20170704-151510-0.jpg,0,0,0.89161623,0.014120973,0.00086365979,0.00076480579,0.00043210065,0.00028208119,0.0017844244,0.085116796,0.0050189341
20170704-152032-0.jpg,0,0,0.85513815,0.00081400301,6.2516058e-05,5.769023e-05,3.8150665e-05,0.0052487383,2.535797e-05,0.068195975,0.070419418
20170704-153451-0.jpg,0,0,0.99867301,1.5344362e-05,3.1274298e-06,8.5882856e-06,4.4626488e-06,4.3833439e-05,6.7973698e-07,0.00070072339,0.00055023467
20170704-153719-0.jpg,0,8,0.30679593,0.034486336,0.0003857763,0.16855373,0.00048149386,0.00023253243,0.0070137224,0.085084022,0.39696645
20170704-153756-0.jpg,7,8,0.052043805,0.010942889,0.00035090567,0.00054941472,8.4460765e-05,0.0010142575,0.0050855649,0.23084473,0.69908397
20170704-153838-0.jpg,7,7,0.059986512,0.075954173,0.00048661054,0.00041837713,6.4197332e-05,0.0001056397,0.11021184,0.55963579,0.19313686
20170704-154257-0.jpg,7,7,0.00061938288,0.00022746561,2.0999957e-06,1.5513487e-05,3.69082e-06,7.6189694e-07,0.00016790466,0.99883935,0.00012382927
20170704-154449-0.jpg,7,7,0.003491086,0.00055012477,2.8389849e-05,7.0440447e-05,8.706446e-06,6.5613024e-05,9.3341261e-05,0.97461705,0.02107525
20170704-154603-0.jpg,0,0,0.99465883,6.8992529e-05,2.0228006e-05,6.8665784e-06,3.2441357e-05,2.3645321e-05,4.5106705e-06,0.004966432,0.00021805499
20170704-155143-0.jpg,7,7,0.031363566,0.020876374,0.00017468189,7.8343862e-05,4.0745689e-05,1.6789343e-05,0.00014696544,0.92079169,0.026510846
20170704-155526-0.jpg,7,7,0.00020435126,0.00070153119,1.0764568e-05,2.2073319e-05,2.7652038e-06,9.1878622e-06,6.2066577e-05,0.9929112,0.0060760551
20170705-160734-0.jpg,7,7,0.042819823,0.0064890737,0.00041044614,0.00096281336,6.7518251e-05,0.025966848,0.00068781514,0.86068908,0.061906577
20170705-160802-0.jpg,7,8,0.03214318,0.0033955342,2.2881984e-05,0.00028979775,2.2258105e-05,0.00035300981,0.00038735572,0.37717403,0.58621195
20170705-161037-0.jpg,7,7,0.14934262,0.00089463647,2.1163759e-05,0.00056399244,3.6261695e-05,0.00010797777,3.2297157e-05,0.83830043,0.010700619
20170705-161257-0.jpg,7,7,0.001145444,3.0039705e-05,1.2962175e-06,2.880986e-06,2.9018413e-06,2.9703541e-06,2.8048399e-07,0.99880375,1.0432648e-05
20170705-161808-0.jpg,7,7,0.0049972366,0.00038251258,2.8581884e-06,7.5424055e-05,4.0514273e-06,2.5031354e-05,1.0765233e-05,0.98865522,0.0058469042
20170705-161916-0.jpg,7,7,0.011081061,0.0025966985,9.4617799e-06,1.9219102e-05,3.7592614e-06,8.0545249e-06,3.1140795e-05,0.98447685,0.0017737538
20170705-162004-0.jpg,7,8,0.012884098,0.0003996845,2.8320698e-05,5.2549775e-05,7.7523413e-06,6.162532e-05,0.0003534673,0.066062058,0.92015044
20170705-162307-0.jpg,7,7,8.6449305e-05,0.00025901474,5.6103701e-07,5.404361e-06,5.8536154e-07,1.6254776e-06,2.1713462e-05,0.99951509,0.00010955987
20170705-162401-0.jpg,7,7,0.093578451,0.00054996127,1.7399094e-05,4.9373595e-05,5.3641789e-06,0.00062258007,1.6264236e-05,0.8750451,0.030115505
20170705-162506-0.jpg,7,0,0.6710126,8.0270765e-05,5.2219398e-06,6.8437007e-05,8.5487864e-06,6.928261e-05,2.2570944e-05,0.32320945,0.0055236179
20170705-162907-0.jpg,0,8,0.023447153,0.00039210114,0.00027027906,0.067639104,5.3784277e-05,8.6670534e-05,9.4972742e-05,0.066178166,0.84183777
20170705-163451-0.jpg,7,7,0.016711965,0.00036299994,1.335669e-05,0.00011571357,8.4338098e-05,3.3748005e-05,2.7202267e-05,0.97791755,0.0047331259
20170705-164137-0.jpg,7,7,0.010315707,0.00019362611,3.4318796e-05,0.00035125542,8.0589343e-05,0.00021293424,7.8164398e-05,0.97904536,0.0096880471
20170705-164213-0.jpg,7,7,0.00097505448,6.179856e-05,4.3145288e-06,0.00010851369,1.6502159e-06,6.0651284e-06,5.0304621e-05,0.98685009,0.011942204
20170705-164828-0.jpg,7,7,7.8616093e-05,2.1115346e-05,7.1477982e-07,1.0680962e-05,5.4420147e-07,2.6159975e-06,3.7912322e-06,0.99860535,0.0012765719
20170705-164946-0.jpg,7,7,0.012609378,1.9583322e-05,1.0537574e-05,0.00020646198,0.00014001869,1.5696882e-05,2.1011004e-06,0.98597461,0.0010216146
20170705-165054-0.jpg,7,8,0.0057785584,0.11750576,0.00040716544,0.0006797766,0.00048891536,0.00018580851,0.0010874266,0.25527119,0.61859539
20170705-165107-0.jpg,7,7,0.00032869649,0.00035267215,6.0094506e-06,0.00012133701,9.6834381e-06,1.5336811e-05,0.00057887301,0.98685492,0.011732474
20170705-165136-0.jpg,7,7,0.0061386023,0.0016248584,3.2910758e-05,0.00010180609,9.4680713e-05,5.1230888e-05,2.6678162e-05,0.93816287,0.05376636
20170705-165958-0.jpg,7,7,7.5286534e-05,2.8928078e-05,6.2439506e-07,2.566194e-06,4.3309987e-07,8.4619942e-07,2.569943e-06,0.99988129,7.4522235e-06
20170705-170053-0.jpg,7,7,0.0047348481,0.00012792742,9.084732e-06,0.0016401331,8.9220943e-06,2.1043481e-05,3.9621366e-05,0.99085388,0.0025645357
20170705-170314-0.jpg,0,0,0.90477664,0.00011831618,0.0001225479,0.0048746028,0.00092420131,0.00012258519,9.2886073e-06,0.0049487014,0.084103119
20170706-105716-0.jpg,7,7,0.0019447932,3.4080302e-05,7.0080854e-06,1.0873824e-05,3.2561242e-06,7.2382869e-06,3.6721842e-06,0.99739138,0.00059769494
20170706-110048-0.jpg,7,7,0.03959172,0.34062513,8.3389609e-05,0.0016926919,9.1931836e-05,7.1195987e-05,0.0034269724,0.55550455,0.058912415
20170706-110411-0.jpg,7,7,0.026346457,0.0011810884,5.4762597e-05,0.00012937933,3.8558437e-06,8.0580984e-05,0.00014390398,0.59394208,0.3781179
20170706-111355-0.jpg,7,7,0.013829124,0.000582461,7.4860669e-05,8.6223903e-05,7.5243021e-05,1.4427618e-05,0.00021604124,0.94295475,0.042166869
20170706-112058-0.jpg,7,7,0.00038057935,3.4605742e-05,3.7968407e-05,3.7986032e-05,1.7200737e-05,7.6710452e-05,6.6236786e-06,0.99913026,0.00027807057
20170706-112528-0.jpg,7,7,0.00035848112,0.00015898455,5.5995776e-06,1.6101517e-05,4.1704768e-06,9.6770366e-06,1.5803016e-06,0.99934606,9.9343025e-05
20170706-113058-0.jpg,7,7,0.00011012651,1.0528134e-05,7.7638603e-07,2.7470683e-06,5.1236299e-07,1.734104e-06,4.6707139e-07,0.99973056,0.00014255279
20170706-113305-0.jpg,7,8,0.0070377139,0.0007595979,4.7626631e-05,0.002512669,0.0012550872,7.7769395e-07,4.1751522e-05,0.007141694,0.98120308
20170706-113440-0.jpg,7,7,0.012407193,0.00014925359,5.5319699e-06,9.2833168e-06,1.0597311e-05,1.3391914e-05,7.2226596e-06,0.98412523,0.0032722979
20170707-110403-0.jpg,7,7,0.0002284716,1.842926e-05,2.838764e-06,5.588007e-06,1.9620445e-06,5.6907194e-06,6.4481299e-07,0.9995913,0.00014507294
20170707-111523-0.jpg,7,0,0.42704321,0.0083993093,0.080293142,0.0058849988,0.10577409,0.0027659001,0.00032720966,0.35139519,0.018116942
20170707-111904-0.jpg,0,8,0.037624124,0.02708595,0.0008372764,0.028911269,0.019504422,3.9389407e-05,0.00026136619,0.43371092,0.45202529
20170707-113101-0.jpg,7,7,0.00077603958,0.064130407,0.00041626519,0.00011752034,4.8825643e-05,0.00052949809,0.00021256133,0.93277832,0.00099055809
20170707-113143-0.jpg,7,7,0.17771765,0.00032021169,0.0002446348,0.00030579912,8.9058927e-05,8.8919427e-05,1.116514e-05,0.72616456,0.095058
20170707-113201-0.jpg,7,7,0.00073869659,0.00017641796,1.3901693e-05,1.235663e-05,2.8530251e-06,3.0967073e-05,1.4104389e-05,0.99755174,0.0014589644
20170707-113317-0.jpg,0,0,0.95066025,0.0010337842,0.00063669007,0.0060296456,0.0015968289,0.00070587884,4.6083071e-05,0.02189246,0.017398376
20170707-113921-0.jpg,0,8,0.42683149,0.005020439,0.016386795,0.0019178748,0.0012500095,0.00079245614,0.00028987407,0.10277892,0.44473214
20170707-114844-0.jpg,0,1,0.053823971,0.57597776,0.00029684532,0.0016850171,3.8606975e-05,0.0014617845,0.00043296087,0.33596405,0.030319001
20170711-113028-0.jpg,0,0,0.99169019,0.0016621172,4.3154373e-06,0.0002649211,1.0028574e-05,1.9876543e-05,9.3976159e-06,0.0034938761,0.0028452766
20170711-113055-0.jpg,0,0,0.86378856,0.00032921315,2.8728916e-05,0.0023288069,0.00035550986,4.8980907e-05,7.5843867e-06,0.086949919,0.046162693
20170711-113229-0.jpg,0,0,0.59318331,0.0027112176,0.00073932935,0.014633728,0.0083960878,0.00011910566,0.00026804692,0.0011216477,0.37882753
20170711-113440-0.jpg,7,8,0.12306124,0.0014836255,0.11510134,0.0080877798,0.021050789,0.00033163035,0.00070076793,0.06027935,0.66990348
20170711-115741-0.jpg,0,0,0.75264997,0.027094719,0.0015791729,0.00054547548,0.00058235398,0.00015413511,0.00051209679,0.19825204,0.018630039
20170711-115907-0.jpg,0,8,0.42399602,0.002040066,0.010108315,0.0062117776,0.00036546538,0.00083377213,0.0082923343,0.0067027732,0.54144947
20170711-120643-0.jpg,0,8,0.039084463,0.002098356,4.6300988e-05,3.3848595e-05,7.0949227e-05,0.00038659794,5.8116832e-06,0.00018489186,0.95808878
20170711-120923-0.jpg,0,0,0.99674765,0.00077098489,3.2744956e-05,9.6196197e-05,2.4851543e-05,3.693795e-05,7.301019e-05,0.0015653251,0.00065229749
20170711-121335-0.jpg,0,8,0.36448485,0.010360135,0.0010099332,0.00087964909,0.000422371,0.0035979528,0.00029040396,0.040190618,0.57876409
20170711-121448-0.jpg,0,0,0.45559118,0.018355495,0.0010787676,0.31237974,0.0011240523,0.016753832,0.0011329442,0.054468998,0.13911499
20170714-110509-3.jpg,1,1,2.990919e-05,0.99821491,4.0569903e-05,1.5869596e-06,4.2273986e-06,9.5185705e-07,0.00057730652,9.6367678e-05,0.0010341672
20170714-110520-3.jpg,1,1,3.0102814e-05,0.99278548,0.00025383244,1.5001465e-06,1.635771e-05,8.5475041e-06,0.0015575592,0.00010401956,0.0052426044
20170714-110600-3.jpg,1,1,1.8593303e-05,0.99977703,9.9528344e-06,7.7761405e-07,1.7913694e-06,2.033102e-07,4.8911944e-05,2.6561417e-05,0.00011618131
20170714-110618-3.jpg,1,1,0.00015897833,0.99956256,2.6061514e-05,4.0420274e-06,4.9911746e-06,1.5758283e-06,2.2657392e-05,0.00014658621,7.2548716e-05
20170714-110651-3.jpg,1,1,1.4035419e-05,0.99975311,1.242873e-05,8.5741272e-07,2.6681939e-06,1.239689e-06,2.4128985e-05,1.7239286e-05,0.00017429646
20170714-110741-1.jpg,1,7,0.0020421395,0.2844684,0.00067229771,0.00014419146,9.3707414e-05,2.3384136e-05,0.0041880768,0.70287089,0.0054969107
20170714-110804-3.jpg,1,1,3.8080283e-06,0.99980096,2.6449326e-06,1.0518829e-06,1.3282163e-06,3.9916794e-07,0.00015017198,7.0168164e-06,3.2621518e-05
20170714-110825-1.jpg,1,1,0.015594572,0.8092028,0.00023000594,0.00030924681,0.00021348013,0.00012489959,0.00049970176,0.017337403,0.15648789
20170714-110855-2.jpg,1,1,8.0736019e-06,0.9999417,1.3986207e-06,1.4466202e-06,1.056589e-06,1.1595999e-06,6.22689e-06,2.5576114e-05,1.3364822e-05
20170714-110952-3.jpg,1,1,7.3636336e-06,0.99979025,1.0801793e-05,1.5022796e-06,2.4002216e-06,1.463186e-06,3.925371e-05,3.3465448e-05,0.00011350331
20170714-111045-1.jpg,1,1,2.8009081e-06,0.9998042,4.4467337e-06,1.1261956e-06,1.920145e-06,1.000972e-06,1.6708775e-05,1.5392964e-05,0.00015240716
20170714-111117-1.jpg,1,1,1.5628359e-05,0.99966844,1.57283e-05,5.6049709e-06,1.5625675e-05,2.0128309e-06,1.9695844e-05,4.7084407e-05,0.00021018212
20170714-111132-2.jpg,1,1,8.7251877e-06,0.99980756,2.5234301e-06,6.1371319e-06,1.3779583e-06,2.3113141e-06,4.3756109e-05,4.1716551e-05,8.5895545e-05
20170714-111256-2.jpg,1,1,7.5983167e-06,0.99985387,3.4784958e-06,2.2587171e-06,3.6956207e-06,7.6941964e-07,2.2447992e-05,1.0952627e-05,9.4927994e-05
20170714-111315-1.jpg,1,1,1.3935135e-05,0.99980289,5.135627e-06,1.7861841e-06,3.2699821e-06,2.7803018e-06,1.9431715e-05,2.14425e-05,0.00012933329
20170714-111434-2.jpg,1,1,2.9299569e-05,0.99919141,1.263809e-05,2.749474e-06,4.1345002e-06,1.4451722e-06,3.5241176e-05,0.00068215601,4.092792e-05
20170714-111501-2.jpg,1,1,0.00011584161,0.99612145,2.2292603e-05,6.167136e-06,1.6998094e-05,4.8017097e-06,0.0034972194,0.00017714213,3.8086767e-05
20170714-111546-1.jpg,1,1,1.4331293e-05,0.99990662,4.1036568e-06,1.6560534e-06,2.323474e-06,4.0928909e-07,4.6307917e-06,4.9899171e-05,1.6025043e-05
20170714-112144-3.jpg,1,1,1.3158589e-05,0.99979546,1.2485484e-05,5.5821222e-06,7.954296e-06,2.0152735e-06,9.3195336e-06,2.7018903e-05,0.00012700159
20170714-112445-2.jpg,1,1,3.0356417e-05,0.99592863,2.1266608e-05,3.4492547e-06,2.0873237e-05,4.5490363e-06,0.00018250017,1.6514487e-05,0.0037918655
20170714-112512-2.jpg,1,1,4.6134864e-06,0.99991807,4.9679917e-06,1.0967177e-06,1.5401633e-06,8.5429238e-07,5.7979158e-06,1.2220159e-05,5.0835683e-05
20170714-112604-2.jpg,1,1,5.2885105e-06,0.99837548,7.1099224e-06,3.3975056e-06,2.5291189e-06,1.8589757e-06,0.00070216703,8.8998418e-05,0.00081316665
20170714-112620-2.jpg,1,1,8.6867714e-06,0.99879524,1.7398687e-05,4.5904366e-06,6.2889552e-06,1.4316284e-06,0.00018072011,7.1789991e-05,0.00091385814
20170714-113205-2.jpg,1,1,0.00010500598,0.98300639,8.3924785e-05,3.903735e-06,1.6939466e-05,2.1451785e-06,0.016040578,0.00035127544,0.00038983306
20170714-113316-2.jpg,1,1,2.9179846e-05,0.99896847,1.7127937e-05,1.3850433e-06,2.0273877e-06,1.4765801e-06,0.00030185054,3.1465606e-05,0.00064702143
20170714-113340-2.jpg,1,1,0.013150918,0.97843311,0.00026367279,4.2534561e-05,2.1140139e-05,2.3982894e-05,0.0017904745,0.0019454723,0.0043286994
20170714-113609-3.jpg,1,1,3.7517226e-05,0.99425156,1.9516784e-05,2.8795722e-06,4.9327044e-06,9.8272097e-06,5.842064e-05,0.0048869281,0.00072841536
20170714-113807-2.jpg,1,1,0.0018556983,0.99768506,5.9782316e-05,6.2419193e-06,1.132593e-05,6.3094018e-06,1.9805853e-05,0.00023430263,0.0001214743
20170714-113852-2.jpg,1,1,0.0014551184,0.79940135,0.00055584244,0.00011870679,0.00016504623,5.5385845e-05,0.18334078,0.012944911,0.001962866
20170714-113918-2.jpg,1,1,0.00066386684,0.88152504,0.000210945,3.3165654e-05,4.3860446e-05,2.0417485e-05,0.087382493,0.0016025855,0.028517624
20170714-114326-2.jpg,1,1,1.5789337e-05,0.99959854,1.0628965e-05,7.4184147e-06,6.2586431e-06,7.2840115e-07,5.1465781e-05,1.8664291e-05,0.00029050433
20170714-114421-2.jpg,1,1,3.7023598e-05,0.99566033,1.1656788e-05,5.2167518e-06,7.2655377e-06,2.0459954e-05,0.0022651399,4.8155488e-05,0.001944752
20170714-114527-2.jpg,1,1,1.1949113e-05,0.99803492,3.1665796e-06,3.7376582e-06,1.862035e-06,5.7628858e-06,0.00048214996,0.00092204001,0.00053441604
20170714-114719-3.jpg,1,1,1.6235636e-05,0.9999246,8.3427524e-06,1.5517432e-06,2.8854027e-06,2.0645438e-06,1.0045967e-05,1.5798178e-05,1.8471764e-05
20170714-114743-3.jpg,1,1,5.3890922e-06,0.99987811,3.8570563e-06,4.4286436e-06,3.5127816e-06,1.0797047e-06,1.8667111e-05,1.1519178e-05,7.3433607e-05
20170714-115130-2.jpg,1,1,0.00017725302,0.95979006,3.8906949e-05,6.2648911e-05,1.6490107e-05,0.00017976589,0.0018800289,0.00065533748,0.037199513
20170714-115243-2.jpg,1,1,3.9967152e-06,0.99985267,6.7851616e-06,9.6357745e-07,2.3673132e-06,7.904871e-07,7.6467105e-05,9.3741507e-06,4.6582833e-05
20170714-115519-2.jpg,1,1,7.9083363e-06,0.99985902,4.8609305e-06,2.6355738e-06,3.7014349e-06,3.2607203e-07,2.1810283e-05,3.0497643e-05,6.9242844e-05
20170714-115729-3.jpg,1,1,7.2651974e-06,0.99988272,2.2082848e-06,2.083949e-06,2.1387908e-06,1.5839004e-06,2.2639019e-05,3.1064579e-05,4.8294712e-05
20170714-115904-1.jpg,1,1,5.184299e-06,0.99981064,3.0919989e-06,1.7485608e-06,2.8328407e-06,1.1733904e-06,1.0850087e-05,1.1374334e-05,0.00015310332
20170714-115907-3.jpg,1,1,2.9708101e-06,0.99991119,2.933208e-06,1.0170814e-06,8.1496261e-07,1.9110435e-07,2.957728e-05,1.4560535e-05,3.6746633e-05
20170714-115933-1.jpg,1,1,2.0998639e-05,0.99982475,4.2251292e-06,2.5571701e-06,3.7906353e-06,1.150749e-06,3.2277733e-06,2.2838924e-05,0.00011646024
20170714-120132-2.jpg,1,1,1.322843e-05,0.99977208,3.3909307e-06,9.7505224e-07,2.0175835e-06,3.4721189e-07,7.682955e-06,4.3432624e-05,0.00015684078
20170714-120146-3.jpg,1,1,1.080645e-05,0.99993451,4.6979581e-06,7.3565478e-07,1.3955702e-06,3.5488956e-07,7.7050955e-06,2.9967933e-05,9.8279397e-06
20170714-120228-3.jpg,1,1,2.9912341e-06,0.99996417,2.4596493e-06,5.5120168e-07,1.4824474e-06,4.0821149e-07,7.4345293e-06,8.9271022e-06,1.157513e-05
20170714-120502-3.jpg,1,1,4.7563207e-06,0.99994339,2.6518274e-06,8.6385224e-07,1.9149555e-06,2.9220086e-07,2.5421751e-06,9.1649152e-06,3.4428623e-05
20170714-120930-3.jpg,1,1,7.3666791e-06,0.99914921,8.2644836e-06,1.0676157e-06,1.3088615e-06,1.4955873e-07,0.00074678587,1.6638771e-05,6.9212922e-05
20170714-121008-3.jpg,1,1,2.5709685e-05,0.99975565,3.7156603e-05,8.8650073e-07,2.262547e-06,6.1853473e-07,6.1652322e-05,6.2674757e-05,5.338504e-05
20170714-121303-2.jpg,1,1,0.00012590863,0.9679926,0.00028025946,2.0475727e-05,8.7157301e-05,7.9987126e-06,0.0069258191,0.001818676,0.022741108
20170714-121542-3.jpg,1,1,1.9165205e-05,0.99890171,5.0138765e-05,3.0341078e-06,5.034213e-06,6.0272989e-07,0.00010352825,0.00071065176,0.00020613835
20170714-121934-2.jpg,1,1,0.00016669208,0.99922543,6.3301766e-06,1.5935308e-06,5.3701446e-06,3.7740695e-07,3.1546749e-05,6.8380413e-05,0.00049427846
20170714-122115-2.jpg,1,1,0.00022090188,0.98964996,0.00010063892,5.4094117e-06,1.3815702e-05,1.1172932e-06,0.0086931385,0.0010009636,0.00031405173
20170714-122340-2.jpg,1,1,1.2275506e-05,0.99973271,6.0633555e-06,3.2541283e-07,1.1513061e-06,9.3075671e-08,8.2865207e-05,7.9437286e-05,8.5079194e-05
20170714-122534-2.jpg,1,1,0.00036091559,0.99452499,0.00011285997,8.8841435e-06,2.8367665e-05,1.6277169e-06,0.00084952786,0.00034724857,0.0037655742
20170714-122658-3.jpg,1,1,2.4242826e-05,0.99982053,1.3957268e-05,6.6382353e-07,2.4306974e-06,7.1782359e-07,1.6880578e-05,4.6435333e-05,7.414651e-05
20170714-122801-3.jpg,1,1,5.6510724e-06,0.99978464,3.9894214e-06,3.435283e-07,1.3921869e-06,2.6857199e-07,0.00011276193,2.5070667e-05,6.5884808e-05
20170714-130008-1.jpg,1,1,4.7610391e-06,0.9998953,4.4035762e-06,5.7631592e-07,8.9266919e-07,1.5171089e-06,7.4871939e-06,6.7548905e-06,7.8310525e-05
20170714-130716-1.jpg,1,1,8.5272711e-06,0.99973996,1.8165363e-05,2.3838056e-06,6.2041536e-06,2.9485062e-06,9.4265428e-06,1.4765563e-05,0.00019761897
20170714-131200-1.jpg,1,1,0.00014183422,0.99979012,2.3196484e-06,1.7904215e-06,1.7966732e-06,2.9226769e-06,4.4677504e-06,4.2215757e-05,1.2527974e-05
20170714-132633-1.jpg,1,1,4.6787833e-06,0.99982924,6.3756785e-06,1.4471164e-06,3.3554233e-06,2.4985604e-06,4.2041616e-05,7.8213356e-05,3.2154159e-05
20170714-133626-1.jpg,1,1,1.1187634e-05,0.99984973,3.9516033e-06,6.6512902e-07,1.6676552e-06,2.2551316e-06,6.4955111e-05,4.7615987e-05,1.7973607e-05
20170714-133951-1.jpg,1,1,2.0562187e-05,0.99942992,9.0855905e-06,1.9664649e-06,9.9297986e-06,2.1956401e-06,0.00034969567,0.00011652451,6.0120176e-05
20170714-134014-1.jpg,1,1,5.6184132e-06,0.99956432,1.5096238e-05,1.877282e-06,3.4704971e-06,7.5849591e-07,2.2519788e-05,5.9138476e-05,0.00032720525
20170714-134219-1.jpg,1,1,9.435323e-06,0.9998838,7.0559699e-06,1.3734535e-06,1.3682656e-06,4.0692007e-07,8.6964068e-06,4.8800708e-06,8.2987117e-05
20170714-135108-2.jpg,1,1,1.8035729e-05,0.9987569,4.9003931e-06,4.5179121e-06,6.2680269e-06,1.8508384e-07,4.2022591e-05,0.00014169458,0.0010254735
20170714-135146-3.jpg,1,1,0.00012818227,0.99970234,8.2880434e-06,9.6524016e-07,5.4405373e-06,2.1342925e-06,5.5024578e-05,7.7661437e-05,1.9967947e-05
20170714-135211-3.jpg,1,1,3.0296063e-05,0.99991697,5.1279056e-06,1.0448995e-06,1.7793691e-06,1.4178959e-06,1.0154295e-05,2.6400797e-05,6.8074923e-06
20170714-135605-3.jpg,1,1,0.00066626539,0.99560175,1.1050531e-05,4.1234694e-05,3.4132347e-05,1.8272664e-06,0.0011946822,0.0018539188,0.00059513788
20170714-140006-2.jpg,1,1,7.6401921e-06,0.9998442,2.7718288e-06,1.4943062e-06,1.4279246e-06,1.0240184e-06,5.9714741e-05,3.0313817e-05,5.1411521e-05
20170714-140012-1.jpg,1,1,1.4588147e-05,0.99940949,1.9378918e-05,5.4763256e-06,8.8636581e-06,1.5462541e-06,2.6034379e-05,0.00017973485,0.00033488499
20170714-140131-1.jpg,1,1,7.7461713e-06,0.99987423,4.1508655e-06,3.7765048e-06,1.3788126e-06,3.4873348e-07,7.5854942e-06,4.9526822e-05,5.1253678e-05
20170714-140157-3.jpg,1,1,6.6838347e-05,0.9992658,1.901483e-05,2.8947404e-06,7.6183236e-06,4.3849519e-06,0.00015909034,0.00033645615,0.00013789753
20170714-140321-2.jpg,1,1,5.1446558e-06,0.99972312,1.119943e-05,3.0640091e-06,2.9527527e-06,3.1137475e-07,2.4694666e-05,0.00011606688,0.00011344172
20170714-140523-2.jpg,1,1,6.7151688e-06,0.99826847,3.3417263e-05,1.2146126e-06,5.4264789e-06,9.8226122e-07,4.7740488e-05,1.8390934e-05,0.0016176387
20170714-140539-2.jpg,1,1,6.8754944e-05,0.99529256,1.8632764e-05,9.9433063e-06,3.9345324e-05,2.5467446e-06,0.00022468141,8.1852556e-05,0.0042616854
20170714-140623-1.jpg,1,1,0.00015002483,0.9601711,3.4528793e-05,5.1015917e-05,3.2866825e-05,4.6032527e-06,0.00036409806,0.00040276109,0.038788998
20170714-141257-3.jpg,1,1,8.8319046e-05,0.99832426,4.0278229e-05,5.117716e-06,8.2764192e-06,2.4146959e-06,0.000172194,0.00088599476,0.00047314494
20170714-141300-2.jpg,1,1,1.1026737e-05,0.99937765,1.5011066e-05,8.7937123e-07,3.6448647e-06,7.6108572e-07,0.00052464184,3.0639068e-05,3.5749122e-05
20170714-141640-3.jpg,1,1,1.6056506e-05,0.99991715,5.5155733e-06,1.1067246e-06,4.2460689e-06,7.8617012e-07,1.1478986e-05,2.0435591e-05,2.3227725e-05
20170714-141938-3.jpg,1,1,0.00014845951,0.98792239,4.9204193e-05,7.3321792e-06,1.253374e-05,1.2787477e-05,0.0030801365,0.0085816075,0.00018554989
20170714-142225-3.jpg,1,1,9.7410674e-06,0.99987321,4.1677412e-06,1.230391e-06,1.6231979e-06,3.9207623e-07,3.9971775e-06,2.2520133e-05,8.3121245e-05
20170714-142422-2.jpg,1,1,6.1214331e-06,0.99974064,1.0773846e-05,1.9548592e-06,1.7605486e-06,9.7997628e-07,1.677651e-05,0.0001509555,7.0040919e-05
20170714-142424-3.jpg,1,1,1.1530684e-05,0.99985025,1.8737336e-06,1.3445231e-06,6.5465998e-07,9.7447145e-07,4.0550365e-06,0.0001196432,9.6751842e-06
20170714-142445-3.jpg,1,1,4.8160877e-06,0.99986243,2.611518e-06,5.7409332e-07,6.4838374e-07,2.8722458e-07,1.6256513e-05,5.4638846e-05,5.7734554e-05
20170714-142641-3.jpg,1,1,1.8317839e-05,0.9999432,1.5338049e-06,1.0448445e-06,6.0041026e-07,3.909156e-07,1.4327717e-06,2.2990167e-05,1.0488505e-05
20170714-143122-2.jpg,1,1,0.00046856951,0.95327169,0.0001140574,1.2632602e-05,2.8353785e-05,4.5767615e-06,0.0036140041,0.042089518,0.00039659841
20170714-143138-1.jpg,1,1,0.0018167895,0.9791009,0.00019839105,0.00029426738,0.00017336023,2.4946969e-05,8.7822291e-05,0.00036016062,0.017943358
20170714-143314-1.jpg,1,1,1.0210453e-05,0.99955142,1.8803701e-06,9.2116526e-07,1.6787717e-06,1.4715207e-06,4.1790421e-05,0.00015171747,0.00023891177
20170714-143353-1.jpg,1,1,0.00057364598,0.99804973,6.3667054e-06,4.0292548e-06,4.1253733e-06,2.6541807e-06,4.1682836e-06,0.00091978669,0.00043549214
20170714-143440-3.jpg,1,1,1.064301e-05,0.99980306,1.0869035e-05,1.3825051e-06,1.7898565e-06,3.2110503e-07,5.773769e-05,6.0943088e-05,5.3255828e-05
20170714-143549-1.jpg,1,1,2.3010354e-05,0.99304519,2.1373484e-06,6.597264e-06,1.347832e-06,1.5361979e-06,3.7087186e-05,0.00012747897,0.0067556194
20170714-143702-2.jpg,1,1,2.716873e-05,0.99678278,2.6367351e-05,1.5527212e-05,5.9508633e-06,2.4066648e-06,0.00032062169,0.00052924219,0.0022899381
20170714-143747-1.jpg,1,1,5.6815967e-06,0.99979313,6.5590007e-06,3.7589179e-06,4.8820429e-06,9.9718406e-07,3.1382979e-05,5.8911905e-06,0.00014771971
20170714-144010-2.jpg,1,1,0.00013514319,0.9479324,0.00079858387,2.0226228e-05,4.642466e-05,2.5388869e-06,0.016646328,0.0046451728,0.029773179
20170714-144408-2.jpg,1,1,5.0109982e-05,0.99543552,2.4164191e-05,3.7704276e-05,1.2130416e-05,1.2845804e-06,0.0022278791,0.0013328926,0.00087831208
20170714-150201-1.jpg,1,1,0.0036123977,0.74939606,0.0001657298,0.00072289945,0.00025927649,5.525038e-05,0.00015793626,0.21624218,0.029388277
20170714-150233-1.jpg,1,1,1.6617518e-05,0.9997438,1.9458447e-05,1.4965987e-06,4.491822e-06,1.3285217e-06,7.0166282e-05,7.7911588e-06,0.00013484601
20170714-150335-1.jpg,1,1,3.5773927e-05,0.99986979,1.6248907e-05,3.2087674e-06,5.6850745e-06,1.5849089e-06,3.1748254e-05,1.7001048e-05,1.8958986e-05
20170714-150357-1.jpg,1,1,0.00011306644,0.99606734,6.5535807e-05,7.7468809e-06,1.6106408e-05,1.6837465e-06,0.00098633698,0.00091028046,0.0018319039
20170714-165934-1.jpg,1,1,3.5729963e-06,0.99993158,3.9308372e-06,9.3885558e-07,2.2532969e-06,7.8229591e-07,1.0041869e-05,1.5974677e-05,3.0924425e-05
20170714-165953-1.jpg,1,1,6.2215194e-05,0.99835418,2.4082617e-05,3.627126e-05,2.8336836e-05,7.624196e-06,4.1842849e-05,0.00015299184,0.0012924557
20170714-170023-1.jpg,1,1,3.6973515e-06,0.99986839,6.3442613e-06,1.8492783e-06,1.8442202e-06,8.6516342e-07,1.5019288e-05,7.3089581e-06,9.4681724e-05
20170714-170049-1.jpg,1,1,3.8592612e-06,0.99960756,6.1512672e-06,1.4097439e-06,2.5499336e-06,5.3323272e-07,9.3970259e-06,5.2470408e-06,0.00036328931
20170714-170312-1.jpg,1,1,0.00010219493,0.99295105,1.1449904e-05,0.00042929299,3.9369391e-06,8.9931517e-06,7.0972122e-05,0.0024282467,0.0039938616
20170714-170519-1.jpg,1,1,3.8970136e-06,0.99989158,7.6712741e-06,1.3101798e-06,3.4860196e-06,6.0981292e-07,1.9516217e-05,1.0495086e-05,6.1434417e-05
20170714-170622-1.jpg,1,1,6.9965357e-06,0.99981555,1.9450777e-06,3.2248168e-06,1.0353422e-06,5.1777292e-07,2.5595766e-06,0.0001113803,5.6792752e-05
20170714-175912-1.jpg,1,1,9.7798189e-05,0.99978253,2.1288253e-05,2.4728744e-06,5.5518667e-06,1.6597194e-06,1.6467845e-05,2.1105418e-05,5.1121994e-05
20170714-190038-1.jpg,1,1,8.2329909e-06,0.99981956,4.4667519e-06,3.9718207e-06,3.2608716e-06,1.6427655e-06,8.1146178e-05,1.5995215e-05,6.1725818e-05
20170714-190053-1.jpg,1,1,1.019916e-05,0.99984987,1.0706888e-05,3.3202869e-06,4.9841508e-06,3.2830654e-06,1.4255251e-05,5.2876279e-05,5.049997e-05
20170714-190315-1.jpg,1,1,1.9986711e-05,0.99952765,2.7209012e-05,4.1045864e-06,6.5160255e-06,1.1439733e-06,5.5029567e-05,7.1656033e-05,0.00028670627
20170715-100942-1.jpg,1,1,8.1819089e-06,0.99978932,6.8400068e-06,2.1351536e-06,2.975155e-06,2.0282544e-05,3.3846234e-05,1.2600968e-05,0.00012381648
20170715-102940-1.jpg,1,1,3.9785606e-05,0.99948512,1.803499e-05,2.6201407e-06,4.1186952e-06,1.734276e-06,0.00024661079,1.5012509e-05,0.00018696048
20170715-110117-1.jpg,1,1,7.6635193e-06,0.99588802,9.5115846e-06,8.3994751e-07,6.2251393e-06,7.6585876e-06,0.0039164403,1.4737009e-05,0.00014889911
20170715-111253-1.jpg,1,1,0.00011299988,0.99277961,1.5483514e-05,1.6278717e-05,5.8077163e-06,1.4714518e-05,0.00064683232,0.0001805772,0.0062276919
20170715-113722-1.jpg,1,1,7.0901263e-05,0.99970324,4.5305697e-05,2.1355995e-06,2.8808806e-06,7.4546978e-07,2.4813753e-05,1.7120167e-05,0.00013286186
20170715-114729-1.jpg,1,1,8.4741593e-05,0.9996645,1.469647e-05,6.4858532e-06,5.5364235e-06,1.2598098e-06,0.00015838015,1.575201e-05,4.8646144e-05
20170715-120055-1.jpg,1,1,2.4187244e-06,0.9991616,1.4616326e-05,1.0757339e-06,2.9423271e-06,5.6295554e-07,0.00071598672,1.6405142e-05,8.4387855e-05
20170715-120750-1.jpg,1,1,3.2187987e-05,0.99980696,1.3783271e-05,2.1606724e-06,2.6809766e-06,7.4125033e-06,6.342095e-05,6.880557e-06,6.4511052e-05
20170715-122816-1.jpg,1,1,1.7678751e-05,0.9975671,2.5499279e-05,8.8388467e-06,1.7707964e-05,7.204048e-06,0.00074238239,4.9065698e-06,0.0016086866
20170715-124714-1.jpg,1,1,0.00014206229,0.99786745,9.7337108e-06,3.1940524e-05,6.1931962e-06,1.9924897e-05,0.00015470915,7.9689539e-05,0.0016883007
20170715-124738-1.jpg,1,1,3.8633662e-05,0.99967191,9.017246e-06,1.9425141e-06,2.7601571e-06,4.9359888e-07,0.00025427024,7.6653413e-06,1.3304773e-05
20170715-131418-1.jpg,1,1,8.3712304e-06,0.99862685,1.686545e-05,1.4495622e-06,7.316779e-06,6.276157e-06,0.00088808564,9.4272652e-06,0.00043536005
20170715-133445-1.jpg,1,1,6.1513006e-06,0.99983192,4.1139551e-06,7.3353481e-07,2.2151985e-06,8.6449412e-07,0.00010451503,6.7230837e-06,4.276446e-05
20170715-143826-1.jpg,1,1,2.2305281e-05,0.99928032,2.9352423e-05,6.0980961e-06,1.1475743e-05,2.8988995e-06,7.1720384e-05,4.3571528e-06,0.00057147335
20170715-143923-1.jpg,1,1,4.598013e-05,0.99977105,1.3338643e-05,5.1689084e-06,4.8621186e-06,2.4371877e-06,1.0443932e-05,6.0346458e-05,8.6368456e-05
20170715-144023-1.jpg,1,1,9.8031547e-06,0.99989471,6.354649e-06,2.116915e-06,5.0465546e-06,8.9111148e-07,6.1675658e-06,4.3089631e-06,7.0602735e-05
20170715-144604-1.jpg,1,1,1.7251624e-05,0.99942476,1.5104494e-05,2.5786304e-06,6.6147592e-06,1.6362196e-06,5.2304092e-05,6.6815046e-06,0.00047307013
20170715-152140-1.jpg,1,1,7.3847368e-06,0.99932819,1.3524465e-05,2.517426e-06,6.9073484e-06,1.2006984e-06,0.00032872125,5.5708799e-06,0.00030598352
20170715-161538-1.jpg,1,1,1.5376071e-05,0.99980035,7.6752556e-06,1.342592e-06,2.8611733e-06,8.3179552e-07,0.00010439547,9.4577551e-06,5.770694e-05
20170715-161925-1.jpg,1,1,2.5478851e-05,0.99850498,4.6434432e-06,4.6293273e-06,2.8588121e-06,5.0718571e-06,0.00089700711,3.9146879e-05,0.00051618461
20170715-162301-1.jpg,1,1,0.00048374455,0.99654606,1.2494278e-05,2.0393227e-05,9.3155583e-06,0.0010676352,0.00062216952,7.4005855e-05,0.0011641769
20170715-162547-1.jpg,1,1,3.0422061e-05,0.99968616,1.0236929e-05,1.3366411e-06,2.2815162e-06,9.7893256e-07,0.00011157687,3.4785085e-05,0.0001222198
20170715-162718-1.jpg,1,1,7.0832519e-06,0.99989954,5.5442441e-06,6.9255885e-07,3.0282936e-06,1.366672e-06,5.0679383e-05,6.1045014e-06,2.5963508e-05
20170715-170425-1.jpg,1,1,8.636317e-06,0.9998585,1.0607327e-05,2.5344741e-06,5.2546283e-06,3.9261788e-06,2.0380784e-05,6.3314543e-06,8.3828383e-05
20170715-170432-1.jpg,1,1,4.444373e-05,0.99973903,1.0646857e-05,2.6853855e-06,2.3791583e-06,1.2603938e-06,6.5234614e-05,5.4888491e-06,0.00012883506
20170715-174155-1.jpg,1,1,1.1305898e-05,0.99976261,1.1602472e-05,1.857137e-06,4.2492566e-06,7.5398477e-07,0.00012945442,7.5520062e-06,7.0617309e-05
20170715-174216-1.jpg,1,1,1.8658718e-05,0.9998134,1.0942467e-05,1.8998071e-06,5.6988453e-06,1.5047821e-06,8.1351892e-05,6.0044156e-06,6.0534988e-05
20170718-094237-2.jpg,0,0,0.95765748,0.016627611,5.0945388e-05,0.00064589665,4.7027268e-05,0.0023762848,0.00017281237,0.019268069,0.0031538774
20170718-094823-2.jpg,0,0,0.78077321,0.0026697,6.1462451e-05,0.0020839789,2.5663484e-05,0.00166458,3.1773348e-05,0.10709985,0.10558978
20170718-095143-2.jpg,0,0,0.84828811,0.00022194635,8.4797235e-05,0.0017805396,0.00021353946,0.00011209708,6.2707499e-05,0.0066672449,0.14256902
20170718-100028-2.jpg,0,0,0.99932755,2.4000457e-05,3.1040961e-06,1.1793953e-05,5.4279662e-06,1.0953161e-05,3.8562038e-06,0.00045703571,0.0001562816
20170718-100046-2.jpg,0,0,0.97098962,0.0027754627,2.4538439e-05,0.00029787448,2.7690331e-05,5.9311897e-05,0.00065059783,0.023734531,0.0014403771
20170718-100509-2.jpg,0,0,0.42462893,0.063427612,0.00059355057,0.010870417,0.0015060257,0.0079872942,0.042847064,0.049185017,0.39895409
20170718-100551-2.jpg,0,0,0.9371355,6.9813319e-05,3.1282355e-05,0.0051770562,0.0014476104,3.6777791e-05,5.4130243e-06,0.0025581646,0.053538378
20170718-101135-2.jpg,0,8,0.038761134,0.0092652587,8.8066671e-05,0.0020492938,0.00027821301,0.00016527287,0.00064060765,0.044094756,0.9046574
20170718-101313-2.jpg,0,0,0.59028827,0.022373441,3.7159043e-05,0.00098412606,0.00016590615,0.00025222182,0.00025862271,0.35052183,0.035118424
20170718-101417-2.jpg,0,0,0.99409251,0.00015962628,1.7160874e-05,0.0002655861,5.031338e-05,0.00033600998,1.941447e-05,0.0042409107,0.00081846509
20170718-101439-2.jpg,0,7,0.1533053,0.0073318776,0.00011808598,0.00066895671,0.00023700543,2.36175e-05,4.5265621e-06,0.83603372,0.0022769038
20170718-101446-2.jpg,0,0,0.99836652,0.00012895845,3.4524589e-06,5.0533788e-05,1.0955466e-05,0.00016302368,1.1865729e-05,0.0011991751,6.5516925e-05
20170718-101616-2.jpg,0,0,0.99801487,8.3912608e-05,8.1982649e-06,0.00015671226,2.4677626e-05,0.00016485816,8.3180981e-06,0.0007889156,0.0007495349
20170718-101628-2.jpg,7,7,0.0039527817,0.0023819065,5.1317805e-05,1.4974197e-05,6.9500674e-06,1.6416569e-05,2.9857579e-06,0.98892227,0.0046503954
20170718-101744-2.jpg,0,0,0.9891218,0.0026427723,1.3649592e-05,0.00024441936,3.7775514e-05,7.846622e-05,7.8174697e-05,0.0061049073,0.0016780317
20170718-101808-2.jpg,0,0,0.93723959,0.0037416462,0.00019073449,0.00036626181,0.00017222159,0.026007616,0.0016939983,0.028946823,0.001641107
20170718-101848-2.jpg,0,7,0.38892253,0.030735027,2.9994458e-05,3.5313033e-05,1.3720904e-05,7.549991e-05,0.00017532643,0.57794008,0.0020725121
20170718-102043-2.jpg,7,7,0.00052567254,4.7265433e-05,1.6840472e-06,2.4041073e-06,1.3986539e-06,2.3751368e-07,1.709858e-06,0.99940194,1.7689379e-05
20170718-102127-2.jpg,7,7,5.305807e-05,9.9972697e-06,9.7312839e-07,1.9666547e-06,7.1644942e-07,2.6253702e-07,6.9038739e-07,0.99992159,1.0750023e-05
20170718-102144-2.jpg,7,7,0.0022020768,9.2247313e-06,7.1081734e-06,1.7819967e-05,1.1854839e-05,8.5443407e-06,1.2805903e-05,0.9974136,0.00031696314
20170718-102251-2.jpg,7,7,0.00048306351,1.6683697e-05,3.8035809e-05,4.569622e-06,8.0332632e-06,7.326089e-06,1.672908e-05,0.99903348,0.00039208327
20170718-102347-2.jpg,7,7,0.00082961636,3.3359386e-05,1.6701009e-06,1.3007398e-06,3.2334265e-06,1.0968774e-06,5.6867832e-07,0.99910642,2.2734597e-05
20170718-102545-2.jpg,7,7,9.7312668e-05,0.00072450499,6.7644078e-06,1.1566353e-05,4.314095e-06,2.701997e-06,3.2598768e-05,0.99896811,0.00015212758
20170718-102555-2.jpg,7,7,0.00042599983,2.3008857e-05,6.8902488e-07,7.4245616e-06,1.3100611e-06,4.2209279e-07,5.4790077e-07,0.99951834,2.2256757e-05
20170718-131812-2.jpg,7,7,0.0014731036,0.0021572974,9.3714985e-06,4.7384058e-06,4.1182708e-06,6.133175e-06,4.170004e-05,0.99589683,0.00040671044
20170718-131826-2.jpg,7,7,0.0010807132,4.8642482e-06,5.2827963e-06,1.7412513e-05,8.819998e-06,1.3625833e-05,5.0921905e-06,0.99879371,7.0481111e-05
20170718-131839-2.jpg,0,4,0.065281518,0.04187735,0.0012820893,0.39796018,0.42737904,0.00067310335,0.00030684502,0.015926567,0.049313303
20170718-131902-2.jpg,7,7,0.0065435778,0.0035563743,0.00030477087,0.00059386041,7.9287272e-05,3.9178364e-05,0.013289439,0.97551906,7.4455695e-05
20170718-132125-2.jpg,7,7,6.7100404e-05,1.7709256e-05,5.3963221e-07,7.0186826e-07,2.1215263e-07,3.968308e-07,1.1747195e-06,0.99990681,5.3509558e-06
20170718-132237-2.jpg,7,7,8.7400714e-05,1.5254935e-05,6.9353972e-07,2.6794178e-06,6.9468789e-07,6.5778926e-07,4.0981907e-06,0.99987861,9.9072355e-06
20170718-132309-2.jpg,7,7,0.0053722328,7.2700712e-05,1.5458287e-05,8.8358603e-05,5.2579297e-05,1.2982051e-05,3.7807173e-05,0.99426826,7.9616658e-05
20170718-132313-2.jpg,7,7,3.9683218e-05,0.00015167528,2.7294552e-06,2.5579745e-05,2.2811368e-06,1.0488029e-06,1.1476007e-05,0.99972322,4.2304145e-05
20170718-132334-2.jpg,7,7,0.00011807839,0.000154353,3.591539e-06,3.1276362e-06,2.8765328e-06,3.1057497e-06,1.5165876e-06,0.99969139,2.1962175e-05
20170718-132405-2.jpg,7,7,0.0001923035,0.0015234225,1.6232081e-05,1.4100071e-05,4.6920584e-06,3.049714e-06,1.6069397e-05,0.99780094,0.00042918579
20170718-132704-2.jpg,7,7,0.00017902701,6.8246109e-05,1.0971506e-05,2.6653401e-05,9.4454483e-06,4.9720547e-06,1.4215221e-05,0.99938548,0.00030099245
20170718-132718-2.jpg,7,7,0.00023769194,0.00010462596,5.0150195e-06,4.4233636e-06,2.9849854e-06,2.0375725e-06,1.6031119e-05,0.99956285,6.4336283e-05
20170718-132748-2.jpg,7,7,0.000353822,2.2033622e-05,6.1356162e-06,2.4892257e-05,3.340214e-06,9.5379202e-07,1.3468986e-05,0.99954372,3.163671e-05
20170718-132839-2.jpg,7,7,9.4389773e-05,0.00026152392,2.7681401e-06,1.4803736e-06,2.2957815e-07,2.88818e-07,2.3161887e-05,0.99960313,1.3026129e-05
20170718-133027-2.jpg,7,7,0.00022542906,7.1444892e-05,3.5241107e-05,5.1916312e-05,4.979885e-06,2.4856968e-06,7.3310537e-05,0.99930142,0.00023376874
20170718-133254-2.jpg,7,7,0.0025336447,0.00028235716,0.00011727341,0.00053430855,2.3329214e-05,5.4443467e-05,0.0028727774,0.90118761,0.092394253
20170718-133305-2.jpg,7,7,0.0049804512,0.00074215046,0.00079850807,0.00066696837,7.8966072e-05,9.5469345e-05,0.013271915,0.97612558,0.0032399926
20170718-133407-2.jpg,7,7,0.00092465934,2.2991425e-05,6.7489143e-05,0.00079356942,2.4699366e-05,2.6198358e-06,0.00028110158,0.99759148,0.00029138569
20170718-133419-2.jpg,7,7,0.0052726223,0.00014471059,3.1382933e-05,5.0954079e-05,1.4534128e-05,6.5252977e-06,0.00039311968,0.99387538,0.00021076923
20170718-133537-2.jpg,0,8,0.048919506,0.11472784,0.0010540666,0.0013985094,9.3407365e-05,0.00039311233,0.0035070813,0.0026949776,0.8272115
20170718-133734-2.jpg,7,7,0.0033977662,9.1011742e-05,2.5342364e-05,8.7006655e-06,4.3015549e-06,6.7267844e-06,0.00013945235,0.9951533,0.0011734008
20170718-133742-2.jpg,7,7,0.00085123709,2.9571971e-05,1.5717511e-06,1.96983e-06,7.1551865e-07,4.1052157e-07,7.9981284e-07,0.99906001,5.3710721e-05
20170718-133830-2.jpg,7,7,0.0048209581,0.00036968535,0.00053965737,0.00031063556,0.00014358075,0.00020868893,0.00014484587,0.97881718,0.014644769
20170721-114822-1.jpg,0,0,0.9549785,0.0014572401,9.4842633e-05,0.00021168227,0.00014863705,0.03859253,5.6168719e-05,0.0042918503,0.00016855259
20170727-111533-3.jpg,4,4,0.0047909889,0.00066800873,0.11889123,0.0052465727,0.48485845,0.001563781,0.00047148557,0.000569913,0.38293957
20170727-111920-1.jpg,4,4,0.00040638976,9.0195971e-05,0.013567613,0.00011378224,0.9674531,0.001059216,0.00043577563,5.0052335e-05,0.016823879
20170727-111953-1.jpg,4,4,0.00012009047,0.000112925,0.13385446,0.00011842971,0.85545658,0.00036159819,0.0024395748,0.00014643781,0.007389902
20170727-112019-3.jpg,4,4,0.00017072932,3.8072101e-05,0.0017449717,3.7315439e-05,0.99572614,0.0004971397,0.00027146531,7.8720293e-05,0.0014354416
20170727-112226-3.jpg,4,4,0.0012906143,0.0016760189,0.0006684092,0.00095283534,0.89609896,0.00091272553,0.00030769343,0.0008950365,0.09719771
20170727-112933-3.jpg,4,4,7.2333588e-05,5.2438131e-05,0.0011330234,5.5813526e-05,0.99356979,0.00028918727,0.00016965589,3.1940042e-05,0.0046258224
20170727-113127-1.jpg,4,4,3.7738842e-05,3.8679616e-06,0.00090109767,1.464449e-05,0.99874284,3.1037356e-05,2.6050179e-05,1.3914656e-05,0.00022880913
20170727-113228-3.jpg,4,4,0.00032927765,0.0003454782,0.0047154122,2.644743e-05,0.92873318,0.00028276064,8.4043706e-05,5.9821632e-05,0.065423574
20170727-113243-1.jpg,4,4,0.0015388087,0.0017443946,0.2826697,0.00012572733,0.64117456,0.004585926,0.007677342,0.00048412505,0.059999408
20170727-113251-3.jpg,4,4,0.00028240728,4.541379e-05,0.00052215606,6.4369369e-06,0.99249672,2.0334437e-05,3.6004195e-05,6.4177928e-05,0.0065263498
20170727-113341-1.jpg,4,4,0.00020739361,0.00020707039,0.0091559528,0.00021410283,0.97846957,0.0016686982,0.0002559673,0.00011617377,0.0097050705
20170727-113709-1.jpg,4,4,0.0039855806,0.0018936092,0.029458455,0.00092493495,0.48266358,0.47480889,0.00073251661,0.00063854488,0.0048938889
20170727-113915-3.jpg,4,4,0.0027187805,0.0010533514,0.0075335097,0.00047137611,0.77514438,0.0087244842,0.00030382123,0.00015672201,0.20389358
20170727-113933-1.jpg,4,4,0.00028924288,0.00041703394,0.0058434987,4.0384553e-05,0.88354984,0.00014862298,0.00023601592,0.0001015738,0.10937379
20170727-114747-3.jpg,4,4,0.0090396252,0.00065879484,0.0020382429,0.0013296656,0.80181296,0.0027298105,0.00064028935,0.00083930498,0.18091131
20170727-114819-3.jpg,4,4,0.00011362866,4.1954967e-05,0.00033268964,7.6922963e-05,0.98898581,0.00038840202,5.151838e-05,1.2980292e-05,0.0099960944
20170727-115911-3.jpg,4,4,0.00036629249,6.4505368e-05,0.0010339083,5.1648112e-05,0.99225921,0.00030871643,2.4376694e-05,5.8034613e-05,0.0058333102
20170727-120008-3.jpg,4,4,0.00016523435,4.2076121e-05,0.00085413579,5.932114e-05,0.98916019,0.0019412269,0.00015213498,5.5306884e-05,0.0075703698
20170727-120834-3.jpg,4,4,0.00016404949,5.860579e-05,0.00055771741,3.8118743e-05,0.99266444,6.090019e-05,4.9232269e-05,5.6853582e-05,0.0063500851
20170727-121854-3.jpg,4,4,0.00029841354,0.00034737615,0.0010116972,0.00024458625,0.94188783,0.00045037862,0.00018213239,9.8513868e-05,0.055479072
20170727-124737-3.jpg,4,4,0.00028743161,6.421146e-05,0.0016146975,8.1097887e-05,0.98248321,1.453988e-05,2.0524483e-05,9.7548066e-05,0.01533674
20170727-124937-3.jpg,4,4,0.00012075061,5.8517306e-05,0.00068402304,0.00035442536,0.98614829,7.3751781e-05,6.9228055e-05,0.00070636253,0.011784648
20170727-125357-1.jpg,4,4,0.00096079494,0.00032379004,0.00042542441,0.00023546669,0.96750028,4.3318313e-05,0.00010458278,0.00033134117,0.030075001
20170727-125452-1.jpg,4,4,2.79551e-05,1.660858e-05,0.014763212,8.9465414e-05,0.97430237,1.1003561e-05,1.4962641e-05,1.6198979e-05,0.010758228
20170727-125931-1.jpg,4,4,0.00013373386,4.9110238e-05,0.0024781656,0.00010151575,0.98513856,2.6525283e-05,5.2490381e-05,0.00015286655,0.011867031
20170727-130315-1.jpg,4,4,0.00018868957,0.00015970569,0.0024906715,0.00031079573,0.97529597,6.9984098e-05,8.0502667e-05,0.00024784167,0.021155838
20170727-130445-1.jpg,4,4,3.369267e-05,1.1465281e-05,0.0032090523,2.170581e-05,0.99393657,3.0267851e-05,3.0888197e-05,1.1680375e-05,0.0027146765
20170727-134601-1.jpg,4,4,0.00017472639,1.1887762e-05,3.7339924e-05,0.00014762281,0.99043065,1.1979533e-05,8.2157861e-06,0.00011666116,0.009060917
20170727-134721-1.jpg,4,8,0.003222812,0.00038478297,0.033029348,0.015163106,0.33268681,0.0029823358,0.00048368886,0.003716596,0.60833052
20170727-135548-1.jpg,4,4,3.2902916e-05,5.5585792e-06,5.3605545e-05,0.00028102914,0.9985062,1.39627e-05,9.5392874e-06,6.0627755e-05,0.0010365784
20170727-140315-1.jpg,4,4,4.9507637e-05,1.8882921e-05,0.00014228596,4.2458594e-05,0.99292916,9.7195754e-06,8.1463451e-06,4.7972367e-05,0.0067518626
20170727-140408-1.jpg,4,4,3.224673e-05,9.2656513e-06,9.8670669e-05,0.0002613274,0.99788774,4.9767755e-06,3.1510333e-06,2.8352791e-05,0.0016742664
20170727-140437-1.jpg,4,4,0.00011227262,4.0158834e-05,0.0010679508,7.0471757e-05,0.98172092,1.8156731e-05,2.1584504e-05,0.00010778119,0.016840706
20170727-140450-1.jpg,4,4,3.7080125e-05,9.3968672e-06,3.9936233e-05,5.3537646e-05,0.99327625,5.5627759e-06,7.4018527e-06,1.9346383e-05,0.006551484
20170727-140518-1.jpg,4,4,0.0036211721,0.00018351961,0.00021990463,0.00039890657,0.9548912,0.00010828125,1.2014328e-05,0.00056378962,0.040001217
20170727-142920-1.jpg,4,4,0.0010160875,0.00018641658,0.0062882596,0.00039810449,0.96295926,0.0098655409,0.00026353552,0.00044432683,0.018578468
20170727-143021-1.jpg,4,8,0.0043150949,0.00061849206,0.057060062,0.0035622722,0.11349384,0.0011700233,0.00066033462,0.00041156156,0.81870832
20170727-143034-1.jpg,4,4,0.00057558678,0.00043392507,0.0039788151,0.00026542071,0.86603172,0.0052152934,0.00046603893,0.00028754182,0.12274566
20170727-143410-1.jpg,4,4,7.0660235e-05,2.1214019e-05,8.6275499e-05,0.0002258154,0.99022544,1.5768597e-05,6.7709057e-06,0.00018690124,0.0091611494
20170727-143556-3.jpg,4,4,1.6582821e-05,4.9149125e-06,2.5085923e-05,3.6314265e-05,0.99864499,5.6158949e-06,3.2440666e-06,1.3517157e-05,0.0012497382
20170727-143656-1.jpg,4,4,0.00068347184,0.00043471032,0.00046874666,0.0014871088,0.90460064,0.00019095727,0.00016485882,0.00031807423,0.091651433
20170727-143957-1.jpg,4,4,2.9833523e-05,1.082466e-05,0.00014032156,1.8739141e-05,0.99930397,5.1212239e-05,2.9856193e-06,1.5138512e-05,0.00042697184
20170727-144038-1.jpg,4,4,0.0005281585,0.00052249274,0.00074890726,9.2774053e-05,0.92851027,0.0013341297,0.00027609212,0.00022822132,0.067758958
20170727-144243-1.jpg,4,4,0.00020988217,5.6096496e-05,0.013397135,8.1525109e-05,0.97648753,7.2143034e-05,5.7566158e-05,6.9124778e-05,0.0095689961
20170727-144321-1.jpg,4,4,0.00063234307,0.00017459085,0.00032685425,0.0025239325,0.97402095,0.00016515571,5.5769364e-05,0.00030885354,0.021791555
20170727-144335-1.jpg,4,4,0.00027508562,9.110536e-05,4.3965759e-05,0.00013983999,0.98333554,0.00010829784,8.9548948e-06,5.8844078e-05,0.01593837
20170727-144542-1.jpg,4,4,0.00028801581,0.00017685639,0.00015712842,0.00012624147,0.98796864,0.00015638036,7.1478539e-05,4.4138263e-05,0.011011122
20170727-144650-1.jpg,4,4,0.038308876,0.0037256318,0.044943351,0.00084157213,0.77979982,0.10574617,0.0006810657,0.0062805552,0.019672959
20170727-144751-1.jpg,4,4,0.0035814837,0.0011418496,8.5823198e-05,0.00048992188,0.98895115,0.00010490345,1.7409472e-05,0.00045047296,0.0051769905
20170727-145342-3.jpg,4,4,6.9836611e-05,1.4545456e-05,2.2717791e-05,0.00027237958,0.99488129,1.9162206e-05,1.2648356e-05,2.8031553e-05,0.0046793926
20170727-145620-3.jpg,4,4,0.00015083772,0.00025211606,0.0005946712,0.00045101396,0.95534998,0.00034706134,0.00026237857,0.0010186849,0.041573256
20170727-145939-3.jpg,4,4,0.0032449248,0.0011163341,0.0015757907,0.0014070597,0.84900446,0.00045903997,0.00078272375,0.0006085196,0.14180114
20170727-150126-3.jpg,4,4,0.00059479316,7.3744279e-05,0.000964733,0.00029361559,0.99039026,8.4584363e-05,7.2524288e-05,0.00025320333,0.007272539
20170727-151236-3.jpg,4,4,1.6060493e-05,7.8901708e-06,5.363308e-05,5.034255e-05,0.99728923,7.3199164e-06,4.7656015e-06,2.9296959e-05,0.0025414658
20170727-151447-1.jpg,4,4,5.7651764e-05,3.0751733e-05,0.00019003562,2.9490407e-05,0.97893155,1.4884262e-05,2.1311349e-05,4.9062952e-05,0.020675265
20170727-151835-1.jpg,4,4,0.00044087524,0.00044128705,0.0022943748,7.6546972e-05,0.93043333,0.00015208973,0.00024509022,0.00010554369,0.065810866
20170727-151903-1.jpg,4,4,0.00011552215,0.00010580292,0.0011702375,0.00026998897,0.89988254,2.7787011e-05,7.420753e-05,0.00052760727,0.097826311
20170727-152421-3.jpg,4,4,9.4618198e-05,8.4936783e-05,0.00063823518,4.5146468e-05,0.98393025,3.7353326e-05,2.7071101e-05,0.00014559478,0.014996796
20170727-152712-1.jpg,8,4,0.00048996301,0.0001689776,0.0020127619,0.0012951628,0.95916204,0.00033272671,0.00018894436,0.00094741402,0.035402012
20170727-152802-1.jpg,4,4,1.7762181e-05,6.6481715e-06,0.00012677724,0.00010904875,0.99617461,9.2970986e-06,1.0043639e-05,3.8575344e-05,0.0035072342
20170727-152854-3.jpg,4,4,0.00075569016,0.00084290165,0.0014066145,7.3161988e-05,0.91469465,0.00016266878,9.7277906e-05,0.00033722067,0.081629819
20170727-153037-3.jpg,4,4,0.00010764124,8.6959159e-05,0.0003133566,5.9418885e-05,0.98135704,8.6000558e-05,4.2681133e-05,0.00010320291,0.0178437
20170727-154345-1.jpg,4,4,3.8066067e-05,5.9466817e-06,2.3755578e-05,8.9355742e-05,0.99598974,6.2045704e-06,6.6875453e-06,3.8070932e-05,0.0038021734
20170727-154701-1.jpg,4,4,0.00094051734,0.00067076618,0.032512735,0.0001667329,0.80144722,0.00024210824,0.00020566422,0.00014828711,0.16366596
20170727-154716-1.jpg,4,4,0.0020457615,0.0018960474,0.12677041,0.00062057903,0.58997979,0.00083896622,0.00069852205,0.00076028914,0.27638963
20170727-154759-1.jpg,4,4,0.00013973846,0.0001229765,0.00042243258,0.00019384066,0.97245561,8.5850431e-05,4.7235225e-05,0.00016749392,0.026364822
20170727-154853-1.jpg,4,4,0.00020267859,0.00010019104,0.00058007035,0.00019390047,0.98913885,9.2404088e-05,2.4637265e-05,0.00013568547,0.0095315814
20170727-155302-1.jpg,4,4,0.00057981289,0.00038407343,0.0033055052,0.00024492072,0.7462192,0.00026434435,0.00026888911,0.00035122935,0.24838203
20170727-155407-1.jpg,4,4,0.00016638127,4.3749491e-05,0.00028625118,0.00014515712,0.94128387,1.0478875e-05,2.8655514e-05,5.0450999e-05,0.057985008
20170727-155439-1.jpg,4,4,0.00016300205,0.00015539279,0.0056846811,0.00033803041,0.91947201,0.00016576973,9.3859566e-05,9.8515596e-05,0.073828736
20170727-155712-1.jpg,4,4,3.8895243e-05,2.4305169e-05,0.00015721041,2.8355593e-05,0.98944308,3.0337505e-05,1.2309437e-05,6.6328015e-05,0.010199174
20170727-162148-1.jpg,4,4,1.3003644e-05,4.5791121e-06,5.0966561e-05,2.8224601e-05,0.99799615,4.2856682e-06,3.5244298e-06,1.7658452e-05,0.0018816088
20170727-162309-1.jpg,4,4,3.0375507e-05,5.4318589e-06,4.2867426e-05,0.00075053174,0.99654498,6.4615976e-06,1.0074022e-05,7.2647679e-05,0.0025366343
20170727-162326-1.jpg,4,4,1.4356487e-05,4.0283245e-06,6.869568e-05,0.00018283563,0.99799228,7.9994789e-06,6.4624235e-06,3.5296269e-05,0.0016880446
20170727-162512-1.jpg,4,4,2.9625496e-05,6.8353791e-06,4.2306619e-05,0.00025103125,0.99911337,1.6199108e-05,3.9511387e-06,9.7428292e-05,0.00043925509
20170727-162807-1.jpg,4,4,1.0560219e-05,4.6687577e-06,8.5425781e-05,8.3473123e-06,0.99668424,5.7980827e-06,4.0747103e-06,1.2031739e-05,0.003184855
20170727-162936-2.jpg,4,4,1.1551067e-05,3.9164664e-06,3.5282449e-05,3.9393854e-05,0.99912823,4.4018313e-06,1.6711116e-06,2.0325108e-05,0.00075522781
20170727-163038-1.jpg,4,4,9.4598876e-06,3.2163454e-06,6.1959575e-05,8.9454711e-05,0.99883402,1.0534403e-05,5.5842928e-06,3.4179839e-05,0.00095159292
20170727-163124-1.jpg,4,4,1.7608568e-05,6.2032525e-06,5.5854431e-05,5.7396074e-05,0.9984917,1.2454264e-05,6.2760064e-06,9.6479092e-05,0.0012560246
20170727-163217-1.jpg,4,4,6.5170189e-06,3.4721188e-06,2.2441003e-05,1.8410768e-05,0.99882522,4.2315466e-06,2.5868801e-06,1.5814299e-05,0.0011013106
20170727-163932-3.jpg,4,4,0.0013901987,7.4263872e-05,3.6408183e-05,0.015393451,0.97959029,0.00027843841,1.4723253e-05,0.00051635842,0.0027058648
20170727-164100-3.jpg,4,4,0.0001324568,4.3597465e-05,0.00018272988,0.00093698914,0.96910527,1.8548829e-05,8.847046e-06,0.00020114031,0.029370416
20170727-164126-1.jpg,4,4,4.4672219e-05,9.3333394e-06,4.1412578e-05,0.00068635515,0.99810145,8.4520848e-06,3.7959471e-06,5.5105069e-05,0.0010494247
20170727-164539-1.jpg,4,4,7.4629665e-05,5.3761522e-06,2.3951822e-05,6.6492122e-05,0.99671132,3.0656334e-06,1.0232279e-06,7.1182236e-05,0.0030429569
20170727-164606-3.jpg,4,4,3.6436382e-05,9.4013418e-06,2.8963889e-05,6.4010115e-05,0.99235305,4.8008026e-06,1.5259906e-05,4.0695468e-05,0.0074473851
20170727-165128-1.jpg,4,4,4.9635736e-06,3.0916579e-06,3.8645703e-05,3.3514392e-05,0.99909302,2.8689356e-06,3.8922937e-06,1.3200195e-05,0.00080679975
20170727-165148-1.jpg,4,4,0.00020477954,4.2709179e-05,0.00091252167,0.00016535564,0.9733536,8.6635797e-05,5.6096124e-05,0.0023923184,0.022785986
20170727-165320-1.jpg,4,4,7.4293882e-05,9.9699515e-06,0.00011662591,0.00044269357,0.99686102,3.5917413e-05,1.9655149e-05,6.9606019e-05,0.0023702228
20170727-165353-1.jpg,4,4,4.8310613e-06,1.7874076e-06,8.4083485e-05,2.3371543e-05,0.99906374,2.5822933e-06,1.7313768e-06,3.4000642e-06,0.00081447488
20170727-165420-1.jpg,4,4,5.4917985e-05,1.321088e-05,0.00025373259,6.8167493e-05,0.99137335,4.467928e-05,4.5232219e-05,0.00011106132,0.0080356453
20170727-165715-1.jpg,4,4,8.4364231e-06,5.5300853e-06,2.1523103e-05,3.5185509e-05,0.9989382,2.9898166e-06,2.0794723e-06,2.7844124e-05,0.00095821422
20170727-165826-1.jpg,4,4,1.1873771e-05,6.8966678e-06,5.6312364e-05,1.5851073e-05,0.99726355,4.6578321e-06,6.4582651e-06,2.5286426e-05,0.0026091183
20170727-165942-3.jpg,4,4,0.0004915233,0.00016353956,0.00050430203,0.010445097,0.93400374,4.6108329e-05,9.5135672e-05,0.001005303,0.053245252
20170727-170035-1.jpg,4,4,2.6682367e-05,1.3190977e-05,0.00081231641,2.4167251e-05,0.9961466,1.5224221e-05,1.153928e-05,2.1694871e-05,0.0029285802
20170727-170217-1.jpg,4,4,8.2221281e-06,2.187039e-06,3.3985748e-05,4.8159207e-05,0.99923244,4.4575891e-06,2.8551854e-06,2.8635308e-05,0.00063906124
20170727-170606-1.jpg,4,4,0.0064825745,0.00010966308,0.00028824512,0.0090519598,0.82445102,2.108896e-05,2.667994e-05,0.0020728577,0.15749591
20170727-170702-1.jpg,4,4,1.1458053e-05,1.0138096e-05,0.00017897476,6.858599e-05,0.99857121,8.9827523e-06,5.8431444e-06,0.00017660286,0.00096820593
20170727-170909-1.jpg,4,4,3.0561303e-05,1.3383245e-05,0.00011471203,2.8393299e-05,0.9944333,1.1166606e-05,1.1237995e-05,5.4805726e-05,0.0053024388
20170727-170947-1.jpg,4,4,0.0079660366,0.00012080756,0.00014546771,0.0051988971,0.95398315,4.6316311e-05,8.1953176e-06,0.0029449427,0.029586188
20170727-171042-1.jpg,4,4,4.0110643e-05,9.4661524e-06,9.8808668e-05,1.9165313e-05,0.99014271,1.1961834e-05,1.372249e-05,4.2079768e-05,0.0096219749
20170727-171052-3.jpg,4,4,0.0001034931,2.2622333e-05,0.00015673156,0.00040398173,0.99019887,5.9706247e-05,2.5519581e-05,0.00034436671,0.0086847086
20170727-171203-1.jpg,4,4,2.3307464e-05,5.7754578e-06,0.00016976553,1.1895138e-05,0.99716394,7.6890413e-06,7.0989075e-06,5.1792531e-05,0.0025587407
20170727-171322-1.jpg,4,4,4.7224125e-05,1.6793565e-05,0.00020734652,0.0001038811,0.98105505,4.7024573e-06,1.5175123e-05,6.4838986e-05,0.018484992
20170727-171430-1.jpg,4,4,0.00078584919,6.8340035e-06,0.0004778672,0.00024554145,0.99254832,8.551642e-06,2.8458794e-06,0.00027992689,0.0056442593
20170727-171559-1.jpg,4,4,1.7718776e-05,1.2222408e-05,9.2674386e-05,3.6007186e-05,0.99796699,1.5925082e-05,9.776947e-06,9.6896487e-05,0.0017517838
20170727-171653-3.jpg,4,4,5.7314104e-06,3.3638859e-06,6.7248961e-05,3.5676433e-05,0.99853734,2.3230975e-06,3.0259841e-06,1.2757279e-05,0.0013325281
20170727-171857-1.jpg,4,4,4.88382e-05,1.1087744e-05,7.657653e-05,4.2701952e-05,0.99623688,1.9523001e-05,1.5920045e-05,0.00013460885,0.0034138647
20170727-171924-1.jpg,4,4,3.4589988e-05,1.5695605e-05,6.825308e-05,4.2460691e-05,0.99363468,1.1571461e-05,1.4639082e-05,5.4797792e-05,0.006123316
20170727-172031-1.jpg,4,4,7.8671048e-05,3.0625649e-05,9.9936209e-05,0.0002350141,0.99670384,1.3971109e-05,1.883414e-05,0.00012378479,0.0026953205
20170728-115256-1.jpg,4,4,3.8646036e-05,4.8481967e-06,0.00073500341,0.00015705057,0.99465083,2.1776513e-05,8.1176686e-06,1.8659899e-05,0.0043650683
20170728-120134-2.jpg,4,4,3.6729846e-05,9.0897421e-06,8.7411968e-05,0.0001230145,0.99572249,3.5964833e-05,1.1697301e-05,6.9058659e-05,0.0039045444
20170728-120147-2.jpg,4,4,2.1814241e-05,6.0483642e-06,0.00015423562,0.00014443514,0.99815972,3.2551796e-05,1.1223233e-05,4.9830369e-05,0.0014201376
20170728-120324-2.jpg,4,4,1.2206339e-05,4.0419777e-06,0.00015262734,0.00015774804,0.99835727,1.0927926e-05,8.2929018e-06,3.0319489e-05,0.0012665629
20170728-120435-2.jpg,4,4,0.00010365938,2.7497116e-05,0.00017711595,0.00037728693,0.98986587,0.00010380622,9.433156e-05,0.00016652566,0.0090839069
20170728-120548-2.jpg,4,4,2.8894073e-05,1.0611636e-05,0.00016852993,6.0728139e-05,0.99637114,3.424979e-05,2.1825512e-05,2.5712557e-05,0.0032783073
20170728-120919-2.jpg,4,4,7.0469014e-05,4.34543e-05,0.00033586196,3.1136941e-05,0.98044933,3.1952935e-05,4.2315858e-05,3.6178693e-05,0.0189593
20170728-121259-3.jpg,4,4,7.6159398e-05,3.6204064e-05,0.00022359084,0.0001614092,0.99512972,0.00035294432,6.0628345e-05,0.00013286364,0.0038264801
20170728-121334-2.jpg,4,4,2.3908865e-05,1.3228638e-05,0.00012195204,9.3196179e-05,0.99721115,2.2053281e-05,1.8722947e-05,4.1821357e-05,0.0024539691
20170728-121353-2.jpg,4,4,2.5670811e-05,2.0912579e-05,0.00015456898,0.00010014619,0.99865229,2.5560502e-05,2.2876969e-05,4.1090442e-05,0.00095688334
20170728-121648-2.jpg,4,4,2.2764043e-05,1.3288007e-05,0.00020488044,0.0013269507,0.99619473,1.6642189e-05,1.6300953e-05,3.5924124e-05,0.0021685211
20170728-121857-2.jpg,4,4,2.297152e-05,5.7487006e-06,0.0001611752,6.7763297e-05,0.9963348,1.6395722e-05,1.1699288e-05,2.1363007e-05,0.0033580848
20170728-121913-2.jpg,4,4,0.00011825563,0.00012722311,0.00061558006,0.00079575874,0.99308081,0.00019188485,6.1935715e-05,0.00033365575,0.0046748987
20170728-121913-3.jpg,4,4,3.9080059e-05,1.5724804e-05,0.00021534522,6.9211637e-05,0.99816402,6.9098802e-05,1.9898333e-05,4.088493e-05,0.0013667369
20170728-122027-2.jpg,4,4,3.4913416e-05,6.7737357e-06,5.5087693e-05,7.0412219e-05,0.995231,1.1742064e-05,1.1865481e-05,5.5274049e-05,0.0045229281
20170728-122338-2.jpg,4,4,0.00028507564,0.0001047455,0.00022643735,0.00025760993,0.99284048,0.00015593315,5.6402548e-05,0.0008480656,0.0052252483
20170728-122512-2.jpg,4,4,7.5439756e-05,3.6823164e-05,8.9208496e-05,9.3684649e-05,0.99853649,6.4000646e-05,1.4512402e-05,0.000110465,0.0009793774
20170728-122617-2.jpg,4,4,5.4672325e-05,1.2497242e-05,6.4382976e-05,0.00023580088,0.99683528,3.1327035e-05,1.40692e-05,0.00018223389,0.002569738
20170728-122757-2.jpg,4,4,1.8386536e-05,3.9256855e-06,4.6491087e-05,0.0004406136,0.9989833,1.7745885e-05,6.9192261e-06,3.7261922e-05,0.00044535645
20170728-123215-3.jpg,4,4,2.8540227e-05,5.1911279e-06,9.6716895e-05,0.00031688746,0.99621108,2.4083712e-05,1.7201691e-05,4.8804373e-05,0.0032514936
20170728-123405-3.jpg,4,4,7.9293079e-05,1.3487583e-05,0.00024679958,0.00017370314,0.99578317,3.6491846e-05,7.7954911e-06,0.00012696347,0.0035322982
20170728-124020-2.jpg,4,4,4.5608407e-05,4.6423866e-06,7.0992774e-05,0.00042114809,0.99865794,2.1045645e-05,8.5913754e-06,8.0177653e-05,0.00068985848
20170728-124431-3.jpg,4,4,0.00022660839,6.488244e-05,0.00040940204,0.0069804145,0.99118996,4.414413e-05,1.3309311e-05,0.00025414252,0.00081713418
20170728-124451-2.jpg,4,4,0.00017485592,0.0001111579,0.00061144547,0.0010666417,0.87031451,0.000178476,0.00021263501,0.00019268024,0.1271376
20170728-124749-2.jpg,4,4,6.924376e-05,8.5189056e-06,8.2985215e-05,0.00022845587,0.9981386,6.0412553e-05,2.8436799e-05,0.00012703929,0.0012563055
20170728-124932-2.jpg,4,4,1.5307467e-05,3.2998912e-06,6.7006541e-05,0.00021060323,0.99926674,9.3514349e-06,4.2188857e-06,5.0702621e-05,0.00037277036
20170728-125031-2.jpg,4,4,2.5885018e-05,5.1185173e-06,8.7084698e-05,7.911684e-05,0.99893059,2.273882e-05,4.7547692e-06,7.0111465e-05,0.00077460032
20170728-125143-2.jpg,4,4,0.00016933477,2.6041652e-05,7.7238213e-05,0.00024044554,0.99748548,6.5905325e-05,7.5008037e-06,0.00081144668,0.0011166102
20170728-125356-2.jpg,4,4,5.2811844e-05,2.5746195e-05,0.00029804149,8.8862002e-05,0.99615678,4.6503729e-05,1.4868542e-05,5.6387361e-05,0.0032599975
20170728-125619-3.jpg,4,4,1.7897501e-05,5.5967349e-06,6.2846021e-05,0.00014812015,0.9980477,9.7523582e-06,6.0210205e-06,5.5961073e-05,0.0016461078
20170728-125632-2.jpg,4,4,2.6917825e-05,1.4124206e-05,0.00029504358,0.00012579815,0.99787096,4.8728394e-05,2.2202723e-05,6.6838311e-05,0.0015293855
20170728-125810-3.jpg,4,4,0.00011562753,4.6706095e-05,0.00022036715,0.00090291142,0.99277158,0.00023151039,5.8399284e-05,0.00056403379,0.0050888599
20170728-145733-1.jpg,4,4,0.00011340971,7.1636398e-05,0.0052265675,9.9278563e-05,0.98505185,0.00032815426,0.00014531693,7.0494729e-05,0.00889329
20170728-150105-1.jpg,4,4,2.8676852e-05,1.5584392e-05,0.000202124,0.00024851857,0.99895736,4.1034395e-05,2.9412622e-05,8.1563427e-05,0.00039572295
20170728-150132-1.jpg,4,4,4.8255542e-06,3.3701205e-06,9.9772341e-05,3.0058313e-05,0.99950735,7.0535876e-06,5.230825e-06,6.1069347e-06,0.00033622889
20170728-150148-1.jpg,4,4,1.2112346e-05,7.6557823e-06,0.00016437309,3.3086076e-05,0.99871574,1.4586218e-05,1.2641451e-05,2.3416156e-05,0.0010163892
20170728-150426-3.jpg,8,8,0.0014002166,0.00041565436,0.00011052345,0.00019336966,0.0092572218,0.00019308385,0.00015285079,0.0001954996,0.98808158
20170728-151413-1.jpg,8,8,0.0014220566,0.00047094144,0.00037759565,0.088812467,0.15745935,0.00060599191,0.0006801173,0.0017322882,0.74843919
20170728-151512-1.jpg,4,4,0.00022412838,1.6619957e-05,0.040130981,6.8313578e-05,0.93866085,5.2588931e-05,2.1831026e-05,2.1031425e-05,0.020803652
20170728-152054-1.jpg,8,8,0.0014311686,0.00033554826,0.0012582135,0.00051499527,0.011674521,0.0021829281,0.00069271296,0.00016000224,0.98174991
20170728-152111-3.jpg,8,8,0.0097792775,0.003774131,0.0017857911,0.0093380206,0.37797738,0.0073686267,0.0028463746,0.0032726495,0.58385775
20170728-152608-1.jpg,8,4,0.00039918259,5.160598e-05,0.041844353,0.012798645,0.92124615,0.0001174342,0.00025262082,0.00027595091,0.023014057
20170728-152828-1.jpg,8,4,0.00024075772,0.00012849297,0.028681886,0.00010174372,0.95865538,0.00010374819,6.0427345e-05,7.5647706e-05,0.011951914
20170728-152836-2.jpg,4,4,0.00015095154,2.3055867e-05,0.00015259185,9.311014e-05,0.9598728,4.2070082e-05,4.4011109e-05,0.00016847877,0.039452934
20170728-152926-3.jpg,8,4,0.00023760838,9.9284855e-05,0.00021343715,0.00031041713,0.7671968,0.00015412809,2.9337452e-05,0.00012406341,0.23163493
20170728-152937-1.jpg,4,4,0.0001442885,0.00016303438,0.0047309515,6.9298464e-05,0.97004658,0.00039132939,0.00021305131,5.9879695e-05,0.024181586
20170728-153202-3.jpg,8,8,0.0014711396,0.00054670597,0.00055431161,0.00029221983,0.23994995,0.0006717956,0.00028676169,0.000279453,0.75594766
20170728-153206-1.jpg,8,8,0.0062540646,0.00094231999,0.00027944346,0.00023795085,0.059781019,0.00055761956,0.00015285545,0.0019007501,0.92989398
20170728-153227-1.jpg,4,4,2.4513094e-05,2.5649861e-05,0.00016598535,0.00041055845,0.99566572,2.8696711e-05,2.5853242e-05,7.3141814e-05,0.0035798784
20170728-153235-3.jpg,8,8,0.00089532682,0.0005600326,0.00017339101,0.001266031,0.16142882,0.00031535538,0.00010696865,0.00042779128,0.83482629
20170728-153353-1.jpg,4,4,7.9112714e-06,2.8479069e-06,6.9353546e-05,5.3064142e-05,0.99953842,8.2189239e-06,5.2472095e-06,1.4378001e-05,0.00030056258
20170728-153508-1.jpg,4,4,1.8636246e-05,7.5505305e-06,0.00022534261,9.2085268e-05,0.99929037,1.6686224e-05,7.7166563e-06,3.6303624e-05,0.00030530798
20170728-153614-1.jpg,8,8,0.021819237,0.00083926888,0.00032493377,0.00057583132,0.37959602,0.0015308221,0.00084654739,0.0017969128,0.59267043
20170728-153615-3.jpg,8,8,0.0014352864,0.00016971156,0.0004910754,0.00020632107,0.017672994,3.9638481e-05,3.4788329e-05,0.00018413949,0.97976604
20170728-154205-1.jpg,4,4,6.4320776e-05,1.6697001e-05,0.00044359114,0.0010430135,0.99273914,2.4898765e-05,2.2885519e-05,9.2198676e-05,0.0055532557
20170728-155152-1.jpg,4,4,2.1945366e-05,6.4356943e-06,5.9785257e-05,5.2275666e-05,0.99814266,8.8566385e-06,8.1155802e-06,4.2307285e-05,0.0016576168
20170729-085836-3.jpg,4,4,0.0036072777,0.00015483536,0.00089119179,0.0023099931,0.73533106,8.6537771e-05,1.9110613e-05,0.00090789016,0.2566921
20170729-090140-1.jpg,4,4,1.3534733e-05,7.6312079e-06,0.00035635553,8.8297131e-05,0.99799951,6.6815067e-06,3.1195423e-06,9.2784307e-05,0.0014320845
20170729-090158-1.jpg,4,4,7.6237675e-05,2.6358998e-05,0.00013414818,0.00017107891,0.97659712,9.6191664e-06,1.2428094e-05,0.00013708496,0.02283592
20170729-090346-1.jpg,4,4,8.8824564e-06,5.3974062e-06,3.2010612e-05,1.6419299e-05,0.997776,4.1416632e-06,3.5494264e-06,1.8388109e-05,0.0021352064
20170729-090435-2.jpg,4,4,1.5748239e-05,1.5943265e-05,0.00016406272,2.3165749e-05,0.99509457,9.1651697e-06,9.3556054e-06,5.1179028e-05,0.0046168073
20170729-090707-1.jpg,4,4,7.9115553e-05,1.935865e-05,6.0208535e-05,0.00035536739,0.98389009,1.7231471e-05,1.1088472e-05,2.6179478e-05,0.015541364
20170729-091105-2.jpg,4,4,8.8949196e-06,4.1351304e-06,0.00015982857,5.5983133e-05,0.99840684,5.7043918e-06,5.7964875e-06,3.5740873e-05,0.0013170749
20170729-091143-1.jpg,4,4,1.4872522e-05,2.0969917e-05,0.0011461041,5.7936854e-05,0.99736198,1.4223466e-05,5.0607094e-06,3.2487025e-05,0.001346368
20170729-091739-1.jpg,4,4,4.4611099e-05,1.2754068e-05,5.4343167e-05,0.00062471936,0.99816723,1.1320918e-05,7.981777e-06,0.00025015931,0.00082687606
20170729-091822-2.jpg,8,4,0.00018385376,1.5865538e-05,0.00029911624,0.00061680787,0.96745307,3.8619063e-05,7.426296e-05,0.0004577429,0.030860659
20170729-091924-2.jpg,4,4,0.00018204636,7.0596081e-06,5.0751122e-05,0.00031773352,0.98309911,4.1845825e-06,4.8290386e-06,7.269286e-05,0.016261592
20170729-092115-1.jpg,4,4,1.3767991e-05,8.2722512e-06,0.0001715718,1.6468297e-05,0.99654409,1.0388448e-05,5.1253651e-06,1.7738064e-05,0.0032125783
20170729-092200-2.jpg,4,4,1.9577006e-05,7.2985012e-06,0.00019874688,1.0585904e-05,0.99490227,7.19489e-06,8.7844402e-06,3.2452825e-05,0.0048130886
20170729-092240-1.jpg,4,4,1.7529271e-05,4.5724991e-06,7.976632e-05,5.6715959e-05,0.99760014,9.8257582e-06,6.8488643e-06,4.3220723e-05,0.0021813774
20170729-092331-2.jpg,4,4,6.2467961e-06,3.2995164e-06,3.237807e-05,5.0277921e-05,0.99948251,5.7278194e-06,2.1267233e-06,3.0751719e-05,0.00038667767
20170729-092410-1.jpg,4,4,7.3796767e-06,4.7106079e-06,4.3578973e-05,2.2824074e-05,0.99866868,7.4695594e-06,5.0306393e-06,1.7134043e-05,0.0012231921
20170729-092628-1.jpg,4,4,0.00061671429,0.0019619425,0.00048932275,0.0088814934,0.916413,0.00056346853,0.00033810699,0.0016020523,0.069133904
20170729-092646-2.jpg,4,4,7.5265791e-06,4.6312776e-06,4.2872825e-05,2.6799067e-05,0.99876039,3.8734993e-06,4.3361126e-06,2.4522056e-05,0.0011250524
20170729-092929-2.jpg,4,4,6.8455332e-05,8.8854242e-05,0.0010365406,5.8083159e-05,0.98457519,3.8463982e-05,4.0229335e-05,0.00012080901,0.013973371
20170729-093106-1.jpg,4,4,0.0014258552,0.001140981,0.0017918144,0.0032496135,0.95356781,0.0006856182,0.00025504671,0.019470594,0.018412663
20170729-093144-3.jpg,4,4,9.6051334e-05,1.4801759e-05,0.00015589854,8.8945115e-05,0.98867039,7.3268729e-06,6.1025882e-06,3.8235687e-05,0.010922253
20170729-093155-1.jpg,4,4,0.00023961173,4.8870418e-05,0.00017867783,0.0012504365,0.98558206,6.4586623e-05,4.3643124e-05,0.00055569368,0.012036422
20170729-093227-2.jpg,4,4,1.3813763e-05,5.995726e-06,4.7584309e-05,0.0002727818,0.99799641,6.5372403e-06,3.5516616e-06,5.6903274e-05,0.0015964263
20170729-093609-2.jpg,4,4,6.2344623e-05,2.9278273e-05,0.00031354667,0.000335661,0.98866858,8.6555863e-05,4.3388799e-05,0.00011637441,0.010344272
20170729-153336-3.jpg,4,8,0.003342676,0.012777139,0.00046658922,0.02514581,0.41094123,0.030858807,0.00019834755,0.0030904416,0.51317896
20170729-153504-3.jpg,4,4,2.2504431e-05,5.3980534e-06,0.0010383405,1.5946465e-05,0.99463107,1.2865344e-05,9.3244851e-06,1.0278249e-05,0.004254273
20170729-154012-3.jpg,4,4,0.00012768852,2.9525603e-05,0.0001164328,0.0003440067,0.98997812,2.9874126e-05,1.9281183e-05,0.00015822615,0.0091968457
20170729-154032-3.jpg,4,4,8.557492e-05,2.933669e-05,6.7152176e-05,0.022363262,0.97659949,2.9956793e-05,5.4817952e-06,0.00018188408,0.00063786659
20170729-154231-3.jpg,4,4,8.521076e-05,8.0856568e-05,0.0004424534,0.0016021631,0.99509273,1.3771888e-05,2.7276837e-05,0.0013502306,0.0013053024
20170729-154255-3.jpg,4,4,0.00051981461,0.00014600182,0.0004505228,0.0032337646,0.9648062,2.8896881e-05,1.4570137e-05,0.00033491791,0.030465306
20170729-154609-3.jpg,4,4,9.8127309e-05,6.1641519e-05,0.0038042374,0.0013100189,0.97344586,9.0090874e-05,7.1632279e-05,0.00076049983,0.020357894
20170729-154654-3.jpg,4,4,0.00010084322,4.65486e-05,0.00014771026,0.00053239853,0.993362,3.9403729e-05,4.6366317e-05,0.00039189131,0.0053328355
20170803-131649-1.jpg,0,0,0.99281854,0.0034713543,2.1652703e-05,6.2546772e-05,3.5758356e-05,4.5860078e-05,7.5519196e-06,0.00039775793,0.0031389764
20170803-132744-1.jpg,0,7,0.31884088,0.01319678,0.0011816632,0.0025708611,0.0021597921,0.00030515823,0.047742013,0.55875634,0.055246522
20170804-132513-1.jpg,1,8,0.00076295085,0.11685222,8.6371266e-05,0.0008932204,0.00014345128,0.0017024853,0.3436328,0.0032788137,0.53264768
20170804-132738-1.jpg,0,1,0.2394127,0.41641668,0.00046447334,0.0022610644,2.8196177e-05,0.001211802,0.0026112105,0.27097822,0.066615657
20170811-103752-2.jpg,0,0,0.99881115,0.00014567119,4.8834019e-06,1.620452e-05,7.292887e-05,8.645205e-05,1.9421617e-06,0.0001597132,0.00070105228
20170811-103813-2.jpg,0,0,0.99974774,7.8562964e-06,1.7398687e-06,5.5524015e-06,3.035197e-05,1.3184487e-05,3.0575575e-07,6.9655732e-05,0.00012361117
20170811-103904-2.jpg,0,0,0.998639,2.6555592e-05,5.4982184e-06,5.1390608e-06,5.8305791e-06,3.3657359e-05,1.7231884e-07,0.00051161756,0.00077253209
20170811-103929-2.jpg,0,0,0.99725331,0.00048688197,8.2558692e-05,5.9276597e-05,5.9615502e-05,0.00012418062,1.3028222e-05,0.00081320306,0.0011079439
20170811-103948-2.jpg,0,0,0.99967468,4.8418624e-05,2.2483737e-05,1.4381444e-05,2.104092e-05,4.2399627e-05,1.8856673e-06,7.2264184e-05,0.00010244287
20170811-104301-2.jpg,0,0,0.98628354,5.3939308e-05,6.1258025e-06,1.4243464e-05,9.1894291e-06,2.3168838e-05,4.5876672e-07,0.010096805,0.0035125274
20170811-104527-1.jpg,0,0,0.99795094,8.6206401e-05,1.9326294e-05,8.4937988e-06,3.3363612e-05,2.6763118e-05,7.8602962e-07,0.00028617942,0.0015879448
20170811-104712-2.jpg,0,0,0.98904458,3.6331583e-05,4.2413426e-05,3.1725377e-05,1.2164674e-05,5.2038384e-05,3.8766735e-06,0.0026061486,0.0081707256
20170811-104804-2.jpg,0,0,0.9978967,9.6121886e-05,7.8154852e-06,9.0545431e-06,6.3426595e-06,2.7289835e-05,3.6742295e-06,0.001212235,0.00074076446
20170811-105123-2.jpg,0,0,0.97976597,0.0007294385,0.00016732267,0.00012325396,0.00016600433,0.0011354228,0.00015318715,0.012030158,0.0057292468
20170811-110054-2.jpg,0,0,0.97225334,0.0008902332,2.1136832e-05,1.361394e-05,1.0392001e-05,0.025177011,1.0540361e-06,0.0013000327,0.00033319134
20170811-110215-2.jpg,0,0,0.99808261,0.00040647818,1.0804261e-05,3.7473256e-05,8.1921449e-05,0.00024732982,1.4795525e-06,0.00056838024,0.0005635194
20170811-110257-1.jpg,0,0,0.99662394,0.00034767997,2.8045962e-05,2.0793517e-05,3.7504304e-05,7.9282303e-05,7.3942741e-07,0.0024423796,0.00041963323
20170811-110324-1.jpg,0,0,0.95849055,0.00032970994,7.3231919e-05,4.6695555e-05,4.8557905e-05,7.3703573e-05,1.5403138e-05,0.040091742,0.00083040432
20170811-110434-1.jpg,0,0,0.99875507,0.0004742284,9.7198691e-06,1.4580784e-05,3.1348299e-05,0.00014846358,6.7408678e-06,0.00040269299,0.00015715144
20170811-110609-1.jpg,0,0,0.99866671,0.00050399318,9.0056418e-06,5.5322005e-06,2.0547372e-05,3.9202067e-05,5.5899185e-07,0.00063867119,0.00011577555
20170811-111212-1.jpg,0,0,0.99919359,0.0002168516,2.5101191e-05,1.6349759e-05,4.5613448e-05,5.2616662e-05,6.9721523e-06,0.00013193552,0.00031097427
20170811-112623-1.jpg,0,0,0.99927314,6.7059204e-05,3.0356145e-06,9.2489304e-06,7.6737958e-06,0.00010866393,1.9842918e-06,0.0003831612,0.00014603213
20170811-112723-2.jpg,0,0,0.75621614,0.21921253,6.5606347e-05,4.5623912e-05,0.00032667046,4.908994e-05,4.2208643e-05,0.00048420095,0.023557932
20170811-112814-2.jpg,0,0,0.9917453,0.001061737,3.9941392e-05,8.0692733e-06,4.8242894e-05,3.9505012e-05,3.4192487e-06,0.00035572327,0.0066980578
20170811-113926-1.jpg,0,8,0.36562763,0.0084998339,0.00038714278,0.00051240504,0.16369155,0.00041953364,0.00068204304,0.011902775,0.44827709
20170811-114001-1.jpg,0,0,0.88022479,0.0025068872,9.0665377e-05,0.00023488344,0.00018167565,0.0012482122,0.00036158403,0.06659942,0.048551881
20170811-114019-1.jpg,0,0,0.97950596,0.00017166808,1.7412348e-05,7.4962946e-05,7.8309646e-05,0.0044722174,1.8461211e-05,0.0070951391,0.0085658683
20170811-114813-2.jpg,0,0,0.99832908,0.00010449114,7.2574914e-05,2.1635641e-05,6.7235005e-05,0.00044856136,2.1178639e-05,0.00018725624,0.00074798568
20170811-114958-2.jpg,0,0,0.99751141,2.923644e-05,1.4603742e-05,6.0947512e-06,1.5344825e-05,0.00031925666,4.8532036e-06,0.0017445498,0.00035465256
20170811-115127-1.jpg,0,0,0.99926911,4.107254e-05,3.1525934e-06,1.1076337e-05,3.499015e-05,2.8868654e-05,1.1653678e-06,0.00031256594,0.00029800032
20170811-122931-2.jpg,0,0,0.99843589,0.00043115399,3.7435181e-06,2.0014042e-05,4.2329189e-05,2.8389773e-05,1.3453589e-06,0.00081026591,0.00022686821
20170811-123049-2.jpg,0,7,0.36361778,0.015914851,0.00012249947,0.00068146023,0.0017200357,0.00045883908,6.7525423e-05,0.60745626,0.0099607503
20170811-123116-2.jpg,0,0,0.99384951,0.0015736203,1.0888824e-05,1.9468844e-05,1.5649024e-05,0.00017441417,7.6614889e-07,0.0040703091,0.00028537089
20170811-123145-2.jpg,0,0,0.99953088,0.00015394544,6.8342259e-06,2.2544178e-05,1.9987433e-05,3.5117598e-05,1.0779125e-06,0.00019362417,3.5992851e-05
20170811-123613-2.jpg,0,0,0.71943799,0.0052887403,4.9323955e-05,0.00071890399,0.00042813997,0.0027895844,0.00014173782,0.0042628687,0.26688271
20170811-124710-1.jpg,0,0,0.97846705,0.017960409,9.8518844e-05,4.8900886e-05,0.000108409,6.8603166e-05,8.1186172e-05,0.0021891162,0.00097780662
20170811-124734-2.jpg,0,0,0.99358982,1.5871897e-05,6.3096589e-07,3.3636056e-06,1.3530517e-06,6.6553966e-06,5.6776396e-08,0.0046683437,0.0017139063
20170811-125742-1.jpg,0,0,0.99889786,0.00012757514,1.7152436e-05,2.4784348e-05,8.4460386e-05,0.00064979343,4.1640023e-06,0.00011876226,7.5452152e-05
20170811-125945-1.jpg,0,0,0.99831693,7.5563817e-05,6.0285334e-06,3.3275707e-05,4.1967727e-05,0.00092867166,2.8724074e-06,0.00051064145,8.4051387e-05
20170811-130240-2.jpg,0,0,0.99804042,6.4571285e-05,2.7874521e-05,1.8057268e-05,2.0985738e-05,2.1444876e-05,1.96432e-06,0.00044262012,0.0013620595
20170811-130332-2.jpg,0,0,0.99922658,3.5379951e-05,7.8404978e-06,4.9114616e-06,1.4606301e-05,1.7019993e-05,3.00763e-07,0.00021550314,0.00047785552
20170811-130432-2.jpg,0,0,0.99956207,1.0581612e-05,4.8693867e-06,6.4606892e-06,3.4470598e-06,2.1208496e-05,5.3575911e-07,0.00029568873,9.5138225e-05
20170811-130552-1.jpg,0,0,0.99949429,0.00011694368,2.8641176e-06,4.1468751e-06,2.702131e-05,5.9604719e-05,6.3378183e-07,0.00027893804,1.5553645e-05
20170811-130954-2.jpg,0,0,0.99922146,4.197596e-05,2.6746159e-06,4.7652851e-06,3.3930975e-06,2.8824435e-05,3.553144e-07,0.00011044475,0.00058610616
20170811-131008-2.jpg,0,0,0.99985332,1.1677873e-05,2.7728681e-06,1.8788575e-06,2.3606067e-06,6.0510867e-06,3.5237532e-07,3.4843262e-05,8.6745265e-05
20170811-131045-1.jpg,0,0,0.99986991,2.3983055e-05,2.2521026e-06,2.1760499e-06,8.2715443e-06,4.1065853e-05,2.1015971e-07,4.3753166e-05,8.3805776e-06
20170811-131322-1.jpg,0,0,0.93347123,0.00081368922,0.00029601978,0.00010669627,0.00062955339,0.0026301851,1.1015253e-05,0.061315133,0.00072647939
20170811-131509-2.jpg,0,0,0.9995074,1.5718826e-05,2.940891e-06,1.8056482e-06,5.5234222e-06,1.1722806e-05,1.2982491e-07,0.00027574567,0.00017901402
20170811-132150-2.jpg,0,0,0.99984584,8.3992686e-06,3.3842653e-06,2.4132783e-06,5.8677642e-06,2.8995408e-05,1.3557196e-07,5.6531074e-05,4.8436933e-05
20170811-132546-1.jpg,0,0,0.99914533,8.0891574e-05,1.5250492e-05,3.2947114e-05,5.798885e-05,0.00024676976,1.050299e-05,0.00033253164,7.7783829e-05
20170811-132901-2.jpg,0,0,0.99975337,3.6227168e-05,3.3344045e-06,5.9696639e-06,3.1911815e-05,2.4414058e-05,1.1289117e-06,0.00010408336,3.956365e-05
20170811-132940-1.jpg,0,0,0.90926004,0.0001414371,6.9245996e-05,0.0001024982,0.00017997755,6.6270339e-05,8.0134691e-05,0.087186128,0.0029142634
20170811-132947-2.jpg,0,0,0.99988589,6.8693063e-06,2.5483708e-06,1.8174842e-06,4.8381354e-06,6.3310828e-06,1.5520043e-07,9.8798852e-06,8.1669746e-05
20170811-133000-1.jpg,0,0,0.96478638,8.5042132e-05,5.584773e-05,5.3169775e-05,0.0002147823,4.3200521e-05,1.3920979e-05,0.025377606,0.0093700506
20170811-133114-1.jpg,0,0,0.99828445,1.3185505e-05,4.975881e-06,3.6201099e-06,1.103593e-05,0.0001916108,2.9183671e-07,0.00085126352,0.00063956751
20170811-133229-1.jpg,0,0,0.99940361,0.00013481176,3.6199266e-05,7.2738545e-05,5.9268204e-05,3.0967776e-05,4.945908e-06,7.7885886e-05,0.00017956954
20170811-133242-1.jpg,0,0,0.99180054,0.00018353212,1.0171449e-05,2.0313819e-05,9.2176706e-06,6.7099755e-06,6.0713275e-06,0.0070418933,0.00092155035
20170811-133254-2.jpg,0,0,0.99894606,0.00018314445,2.1320958e-05,8.3330654e-05,8.948266e-05,8.586291e-05,1.4368882e-05,0.00032928037,0.00024714532
20170811-133525-1.jpg,0,0,0.99976567,5.1103412e-06,3.180881e-06,6.1189496e-06,1.1262131e-05,1.0706942e-05,1.1974781e-06,0.00013182449,6.4931008e-05
20170811-133548-1.jpg,0,0,0.99987205,3.9400044e-06,1.9590669e-06,1.4083298e-06,8.6402688e-06,1.206805e-05,9.2526532e-07,7.0315677e-05,2.869732e-05
20170811-133725-1.jpg,0,7,0.05283395,0.0022626683,0.00010971063,7.0126449e-05,7.9831045e-05,0.00023799584,0.00018289644,0.68826219,0.25596063
20170811-133741-2.jpg,0,0,0.98424313,0.00026982426,1.5869901e-05,1.2619359e-05,3.4704653e-05,1.1844216e-05,8.6539444e-06,0.01328956,0.002113794
20170811-133752-1.jpg,0,0,0.99968403,9.1445117e-06,1.1445921e-06,2.1459281e-06,1.6404565e-06,1.7588888e-05,1.7569385e-07,0.00011317837,0.00017095337
20170811-134026-1.jpg,0,0,0.98882159,4.3160021e-05,9.2830956e-06,9.9682969e-06,3.1811778e-05,1.8652581e-05,1.2495893e-06,0.0044988748,0.006565413
20170811-134228-1.jpg,0,0,0.9338692,0.0034628108,8.1094485e-06,4.2446053e-05,6.6491576e-05,2.7033597e-05,3.2609574e-05,0.052321417,0.010169884
20170811-134343-1.jpg,0,0,0.99964742,2.4617404e-05,1.2613119e-05,1.2873741e-05,1.3958192e-05,2.9934135e-05,2.8838457e-06,0.00017180215,8.3901001e-05
20170811-134520-2.jpg,0,0,0.98059588,0.0079413635,0.00021313143,0.00019823934,0.0008627209,0.0001240451,4.7863535e-05,0.0004053363,0.0096114162
20170811-134559-2.jpg,0,0,0.97934756,0.0007067728,3.2220756e-05,0.00022823601,0.00074054965,0.00016095375,1.7286212e-05,0.00066307592,0.018103349
20170811-154839-2.jpg,0,0,0.9998201,1.2834537e-05,5.3545808e-06,2.972436e-06,7.7280417e-06,2.938233e-05,2.5445477e-07,9.0191759e-05,3.1184099e-05
20170811-162503-1.jpg,0,0,0.99906274,1.1772401e-05,5.0927777e-06,4.8904561e-06,7.49734e-05,1.936117e-05,1.0947919e-06,0.00070374668,0.00011632923
20170811-162821-1.jpg,0,0,0.99972207,2.4661355e-05,6.2706028e-06,9.8008943e-06,4.6337567e-05,4.7268823e-05,3.3723196e-06,9.1710703e-05,4.850793e-05
20170811-162841-1.jpg,0,0,0.99956357,2.0522031e-05,6.8573703e-06,9.6395204e-06,3.7951098e-05,3.4339554e-05,2.5314447e-06,0.00022617083,9.8414321e-05
20170811-162954-1.jpg,0,0,0.99333381,2.4252214e-05,1.1553512e-05,1.1613269e-05,2.0583951e-05,1.6731131e-05,3.1034337e-06,0.0043593301,0.0022190191
20170811-163711-1.jpg,0,8,0.05543351,0.00077798376,0.00016113304,0.00058375861,0.00025087626,0.017688908,0.0040150635,0.067329778,0.85375899
20170906-091701-1.jpg,3,3,0.0021011435,0.00011087498,1.6836954e-05,0.9349432,0.00066909018,2.7764911e-05,2.6002375e-05,0.0057195712,0.056385511
20170906-092622-1.jpg,3,8,0.012400893,0.001112549,0.00090689454,0.020460149,0.11684384,0.0001005781,0.0014403194,0.0036572013,0.84307757
20170906-092719-4.jpg,3,3,0.0030817494,5.2741454e-05,2.7463222e-05,0.99307472,0.00018866742,1.4229468e-05,8.034949e-06,0.00022715673,0.0033252392
20170906-094526-2.jpg,3,3,0.00046920382,2.0034734e-05,0.00025238912,0.99209176,0.0044000108,8.1895736e-06,6.1925062e-06,5.6585389e-05,0.002695635
20170906-094834-1.jpg,3,3,0.00031521298,0.00020505512,1.0125641e-05,0.99555314,0.00010522298,5.5292914e-06,2.0039733e-05,0.003378017,0.00040765256
20170906-095611-1.jpg,3,3,0.00014744997,3.5298674e-05,9.4701466e-06,0.99903006,0.0001254691,3.2446297e-06,2.5991017e-05,0.00020344894,0.00041957144
20170906-095816-1.jpg,3,3,0.00082983128,0.00054179346,0.00031358682,0.98425566,0.00027527642,3.6806627e-05,0.00014996863,0.00076150239,0.012835577
20170906-095922-1.jpg,3,3,8.8019936e-05,2.2712488e-05,3.8355946e-06,0.99916453,0.00011366182,6.3457623e-07,2.8287894e-05,0.00024149007,0.000336823
20170906-103822-1.jpg,3,3,0.00014978644,1.7216046e-05,4.0639408e-05,0.99888095,0.00042495953,3.529332e-06,3.4337053e-06,8.3467706e-05,0.00039601543
20170906-103921-1.jpg,3,3,0.13281652,0.00096376344,0.00015150903,0.80858803,0.007815288,9.0347632e-05,2.0325251e-05,0.0054691545,0.044085065
20170906-104054-1.jpg,3,3,0.046791542,0.001386755,0.00031398812,0.85437337,0.082601266,7.0726622e-05,4.6120957e-05,0.0066376265,0.0077786053
20170906-105248-1.jpg,3,3,0.0013793122,0.00022570804,0.00023824702,0.61418678,0.34285626,9.1334748e-05,0.00024986843,0.00085516132,0.039917328
20170906-105952-1.jpg,3,3,0.0016892764,0.00027144805,1.0280661e-05,0.99668732,0.00018805141,1.2370201e-05,3.4388674e-06,0.00025632585,0.00088148495
20170906-110707-1.jpg,3,4,0.00814468,0.0021272709,0.0012592923,0.086177117,0.82660207,0.00010403603,0.00063650133,0.028546284,0.046402743
20170906-111240-1.jpg,3,3,0.00029583717,0.00021814229,2.8448462e-05,0.99605656,0.0010398448,1.0470496e-05,6.3288388e-05,0.0008934694,0.0013939379
20170906-111745-1.jpg,3,3,8.2542121e-05,0.00019476941,1.1290829e-05,0.99511988,0.00012537529,2.527062e-06,0.00010202936,0.00030484552,0.0040567358
20170906-112228-1.jpg,3,3,7.0997416e-05,0.00011886327,5.3661067e-05,0.99789303,0.001592268,3.7537702e-06,5.5710018e-05,8.2476185e-05,0.00012924453
20170906-112409-1.jpg,3,3,0.4534297,0.0015877529,9.8410954e-05,0.46645264,0.00018904401,0.00059935239,0.00011357686,0.0069999163,0.070529607
20170906-112604-2.jpg,3,3,9.3702525e-05,1.7508004e-05,9.2736135e-06,0.99947416,0.00030818537,5.7477907e-06,1.1807213e-06,3.6506583e-05,5.3738263e-05
20170906-112804-2.jpg,3,3,0.031139425,0.0027205412,0.0057826373,0.88682943,0.059967929,0.00068129798,3.2016059e-05,0.0049960776,0.0078506459
20170906-112857-4.jpg,3,3,0.0015100011,3.0649642e-05,0.00021481018,0.99469161,0.001178064,2.7128627e-05,3.036787e-05,0.00024099389,0.0020763752
20170906-113112-4.jpg,3,3,0.00059348489,3.1972199e-05,9.062359e-05,0.99754853,0.0012007664,2.0309233e-05,1.6937011e-05,9.4033285e-05,0.00040333853
20170906-113426-1.jpg,3,3,0.0053739959,0.00085226507,0.00047110152,0.97104168,0.00022955861,0.0031675723,0.0017953443,0.0056109585,0.011457524
20170906-113917-2.jpg,3,3,0.00022367863,2.5864984e-05,6.0084884e-05,0.99833359,0.0010281811,2.5414322e-06,5.5037833e-06,0.0002749522,4.5603123e-05
20170906-114137-1.jpg,3,3,0.0077158934,0.0010688363,0.00023151155,0.97152903,6.3920009e-05,0.0012288819,0.00035796836,0.010504305,0.0072996579
20170906-114508-1.jpg,3,3,0.018303979,0.019463071,0.00078669416,0.70940835,0.0011052937,0.00017585019,0.012442755,0.03143953,0.20687447
20170906-130537-1.jpg,3,3,0.0040176345,0.00067486918,0.015427592,0.57748881,0.28900771,8.4965892e-05,0.0020168346,0.024551804,0.086729787
20170906-130826-1.jpg,3,4,0.0024707834,0.00071392567,0.039967375,0.05275976,0.86061901,0.00054451996,0.0012752317,0.0016779085,0.039971487
20170906-131829-2.jpg,3,3,8.7160049e-05,1.306158e-05,4.3141221e-05,0.99926937,0.00045577028,8.37122e-06,6.997355e-06,2.4717525e-05,9.1412671e-05
20170906-132157-1.jpg,3,2,4.3562307e-05,0.00022857988,0.99876491,8.8574189e-05,6.7785049e-05,1.1095645e-05,0.00012803454,0.00016499603,0.00050246462
20170906-132328-1.jpg,3,2,0.014404363,0.0026593875,0.78897825,0.02510938,0.063185156,0.010345257,0.0024680453,0.070618083,0.022232076
20170906-133106-1.jpg,3,3,0.00088862587,9.6504009e-05,0.00045024862,0.97573627,0.01505363,0.00014686084,3.6749942e-05,9.4432619e-05,0.0074966754
20170906-133126-1.jpg,3,3,0.00061685598,0.00013792885,0.00020322728,0.98470295,0.0063619335,9.8956729e-05,2.4482584e-05,0.00011834224,0.0077353226
20170906-135229-2.jpg,3,3,5.0777131e-05,8.1642959e-06,0.0020382911,0.99555947,0.0019716567,1.2203665e-05,1.2284574e-05,7.4867654e-05,0.00027228675
20170906-135411-1.jpg,3,3,0.00078418538,2.3955049e-05,3.2221733e-05,0.99605281,0.0013365568,1.8044416e-05,7.9432047e-06,0.00014728103,0.0015970067
20170906-135543-1.jpg,3,3,0.015693661,0.00028517904,0.00014385883,0.94175444,0.037295262,0.00018351598,3.0418225e-05,0.00081766599,0.0037959949
20170906-140310-1.jpg,3,3,0.00021806533,3.7365601e-05,0.00021556464,0.99695507,0.0013102466,1.144496e-05,5.074912e-05,5.6347727e-05,0.0011451459
20170906-140330-1.jpg,3,3,4.0525243e-05,1.2696716e-05,2.6844041e-05,0.99953744,7.5325219e-05,6.9777102e-06,0.0001212349,0.00010719359,7.1757737e-05
20170913-095437-1.jpg,3,4,0.00018805421,0.00034920917,0.0010210737,0.30326862,0.67545102,8.0330305e-05,5.0332346e-05,0.0003582709,0.019233095
20170913-095615-2.jpg,3,3,0.00030306172,0.00020277493,0.00081556014,0.97467149,0.00023006945,0.022928701,9.5866936e-05,0.00023187181,0.00052060195
20170913-095814-1.jpg,3,3,0.0011978274,0.0001820351,0.00016571948,0.65740993,0.33363734,0.00049546053,0.00011393282,0.00085903753,0.0059387121
20170913-100116-2.jpg,3,3,7.2322648e-05,7.1637519e-05,9.3824324e-05,0.98914649,0.0075962058,0.00018046166,0.00024842746,0.00014267394,0.0024479595
20170913-100221-1.jpg,3,3,0.00086679102,0.00010015101,3.9817152e-05,0.98966344,0.0051178235,0.00084556178,0.00020046867,0.00041763172,0.0027483116
20170913-100247-1.jpg,3,3,2.1425564e-05,1.0065065e-05,1.3043984e-05,0.99958084,5.9920001e-05,0.00025926922,7.7614431e-06,1.250627e-05,3.5170596e-05
20170913-100332-1.jpg,3,3,2.7367104e-05,1.0134846e-05,8.2346567e-06,0.99980849,1.3080195e-05,9.2324067e-05,3.5641309e-06,1.2811429e-05,2.399283e-05
20170913-100429-3.jpg,5,5,0.0001758913,7.0744282e-05,6.6230257e-05,0.00031975781,0.00010463583,0.99787398,0.00065971861,0.00025368714,0.00047535673
20170913-100510-2.jpg,3,3,0.00023361832,9.3052418e-05,4.7965599e-05,0.99918211,3.2004787e-05,0.00019157026,1.1234056e-05,6.2034098e-05,0.0001464062
20170913-100707-2.jpg,3,3,4.4011533e-05,1.2939804e-05,1.5037366e-05,0.9997939,3.5711789e-05,5.2584693e-05,4.7454331e-06,1.260387e-05,2.846514e-05
20170913-100746-1.jpg,3,3,0.00025294863,0.00014613776,0.0001226905,0.99139403,0.00010646333,0.0066209285,0.00044553476,0.00011363664,0.0007976346
20170913-100817-1.jpg,3,3,0.00041570723,5.5181018e-05,2.7445738e-05,0.99639975,2.3741736e-05,0.0025669574,5.1978731e-05,0.00010761242,0.00035162489
20170913-100850-1.jpg,3,3,0.00026875871,4.4857636e-05,4.5790909e-05,0.99643087,1.3211488e-05,0.0028824275,3.234155e-05,3.641916e-05,0.00024532291
20170913-100856-3.jpg,5,5,8.0655149e-05,2.4908722e-05,1.1220508e-05,0.00043904989,1.1188879e-05,0.99915414,3.5910715e-05,3.33772e-05,0.00020955042
20170913-100913-3.jpg,5,5,5.2219384e-05,0.00016654942,1.6236393e-05,0.00031646968,1.7100515e-05,0.99805554,0.00021934827,0.00011718046,0.0010393577
20170913-101104-1.jpg,3,3,0.0030906088,0.0003298065,0.00018375369,0.97976602,0.00016852994,0.014412461,0.00022639486,0.00056484617,0.0012575745
20170913-101128-1.jpg,3,3,6.2218329e-05,1.2924639e-05,1.7079903e-05,0.99965916,2.7898318e-05,0.00017260029,5.6803519e-06,3.02644e-05,1.2174841e-05
20170913-101235-1.jpg,3,3,3.2848976e-05,1.3947984e-05,6.7817901e-05,0.99923705,0.00035520398,0.00017017732,1.1877891e-05,4.5763345e-05,6.5316605e-05
20170913-101500-2.jpg,3,3,0.0028986318,0.00024555054,0.00030267942,0.95685745,0.00015879443,0.038550599,8.646485e-05,0.00045777701,0.00044205605
20170913-101521-2.jpg,3,3,0.0004041911,3.1426455e-05,5.24036e-05,0.99840607,1.7452241e-05,0.00081905107,2.7215155e-05,7.5644007e-05,0.00016654997
20170913-101606-1.jpg,3,3,0.00022979762,1.9827711e-05,7.2991164e-06,0.99928272,4.7599123e-05,0.00024789086,4.2772709e-06,6.1276668e-05,9.9310868e-05
20170913-101914-2.jpg,3,3,0.00019447936,4.454644e-05,6.1135458e-05,0.99801217,0.0011806251,0.00029118091,8.9005427e-06,9.1050822e-05,0.00011590791
20170913-102030-3.jpg,5,5,1.8337127e-05,4.8026138e-06,1.0703489e-05,6.7515e-05,5.3959093e-06,0.99985866,6.2404037e-06,8.4065296e-06,1.9935252e-05
20170913-102032-2.jpg,3,3,2.9829485e-05,1.2708465e-05,9.1386267e-06,0.99957949,0.00018167111,7.54021e-05,6.8438869e-06,1.8737826e-05,8.6182705e-05
20170913-102058-1.jpg,3,3,5.9411808e-05,9.620492e-06,2.7708275e-05,0.99882466,7.3349423e-05,0.00092415273,1.7831177e-05,3.5942434e-05,2.7320279e-05
20170913-102152-1.jpg,3,3,0.00012237011,1.7686676e-05,1.054708e-05,0.99925542,0.0001361685,0.00035462256,1.1979884e-05,2.8109561e-05,6.3095767e-05
20170913-102318-2.jpg,3,3,5.5463548e-05,6.5279064e-06,7.0686361e-06,0.99962599,4.4394948e-05,0.00010379891,1.5864579e-05,1.7411038e-05,0.00012347672
20170913-102456-3.jpg,5,5,4.7348935e-05,0.00010142455,0.00016970055,0.00092894606,0.00011628784,0.99799937,0.00026540371,3.4071731e-05,0.00033744165
20170913-102458-2.jpg,3,3,5.3697151e-05,4.6327751e-06,8.4236931e-06,0.99980127,3.8184495e-05,2.6417024e-05,2.6467723e-06,2.2190158e-05,4.2539497e-05
20170913-102554-2.jpg,3,3,0.00023172684,8.4769734e-05,0.00015425449,0.99403875,0.00016261577,0.004752914,6.5906933e-05,9.1697739e-05,0.00041736474
20170913-102624-2.jpg,3,3,0.023120665,0.0060248405,0.097863816,0.3522234,0.25654712,0.18250417,0.0047707136,0.0064435369,0.070501744
20170913-102631-1.jpg,3,3,0.00054243062,0.00059920002,0.0030583732,0.99177743,0.0001403627,0.0031573003,7.5065116e-05,0.00013209952,0.00051774343
20170913-102702-1.jpg,3,3,2.2473245e-05,1.0398012e-05,1.8017194e-05,0.99973983,7.3963327e-05,4.8016679e-05,5.1583455e-06,1.6735718e-05,6.5410975e-05
20170913-102731-3.jpg,5,5,2.3109707e-05,1.0068051e-05,1.8234062e-05,0.00012757579,8.2212756e-06,0.99967092,9.6897026e-06,1.5883054e-05,0.00011629875
20170913-102737-2.jpg,3,3,0.0010499369,0.00025563534,0.0002491034,0.90755435,9.0545823e-05,0.088929452,0.00027728581,0.00027506391,0.0013186245
20170913-102751-2.jpg,3,3,5.7981612e-05,1.3085888e-05,1.1715038e-05,0.99951606,1.3427924e-05,0.00032271716,8.3061644e-06,3.3028913e-05,2.3681145e-05
20170913-102856-1.jpg,3,3,7.9125147e-05,3.2068027e-05,4.7870937e-05,0.99956707,1.275069e-05,0.00020238098,1.1255793e-05,2.0240372e-05,2.723817e-05
20170913-102920-1.jpg,3,3,0.00015265519,0.00024315798,0.00032451817,0.9971073,7.8480758e-05,0.0017513886,0.00010128411,7.0379692e-05,0.00017083548
20170913-103023-1.jpg,3,3,0.00080855562,0.00037326293,0.0091679892,0.97769932,0.0020607237,0.0063331216,0.00012258149,0.0003561676,0.0030782811
20170913-103119-3.jpg,5,5,1.3330125e-05,5.3485448e-06,4.281169e-06,3.2457883e-05,3.3849539e-06,0.99991623,9.7975056e-06,6.7715689e-06,8.3948117e-06
20170913-103128-2.jpg,3,3,0.00036611219,2.4576192e-05,5.9143766e-05,0.99686609,0.00013824967,0.002253938,3.1084503e-05,5.9765929e-05,0.00020103678
20170913-103658-1.jpg,3,3,5.9071279e-05,1.2723991e-05,6.3590319e-05,0.99903489,0.00035099549,0.00018477203,1.4114011e-05,3.0657984e-05,0.0002491828
20170913-103944-2.jpg,3,3,2.6145902e-05,3.6868393e-06,4.1869869e-06,0.99975158,8.5075645e-05,9.2810447e-05,4.6232709e-06,1.3111007e-05,1.8784731e-05
20170913-104133-1.jpg,3,3,0.00075530277,0.0003734403,0.00063825835,0.99316571,0.00081570336,0.0020081385,6.621511e-05,0.00032698843,0.001850247
20170913-104702-2.jpg,3,3,7.9722279e-05,1.2522498e-05,2.887379e-05,0.99884267,2.5210532e-05,0.00092365504,1.274501e-05,3.2735371e-05,4.1863882e-05
20170913-104812-3.jpg,5,5,0.00024658466,0.00012523277,6.1028648e-05,0.00029782992,3.0243824e-05,0.99875452,0.00019733388,0.00011857059,0.00016865774
20170913-104848-2.jpg,3,3,5.5090528e-05,3.5355211e-05,2.4831335e-05,0.9980722,0.0015715159,6.4487114e-05,5.8363895e-06,4.2126371e-05,0.00012855959
20170913-105009-3.jpg,5,5,8.115281e-05,9.4698442e-05,1.8529288e-05,0.00011841973,7.9678011e-06,0.9993065,8.2392088e-05,9.1918068e-05,0.00019842099
20170913-105137-1.jpg,3,3,1.792588e-05,5.2858119e-05,4.8180654e-05,0.99920277,0.00044265288,1.9107203e-05,5.5063245e-06,1.815823e-05,0.00019284053
20170913-105154-2.jpg,3,3,6.2254962e-05,2.5566203e-05,5.0232734e-05,0.99972155,1.3997325e-05,8.1655112e-05,4.8862917e-06,1.3397486e-05,2.6464462e-05
20170913-105239-1.jpg,3,3,7.0454843e-05,3.6497621e-05,3.6965161e-05,0.99948743,7.5904683e-05,0.00010098476,9.11481e-06,1.6354423e-05,0.00016629315
20170913-105317-2.jpg,3,3,0.0052261146,0.001666765,0.0079500765,0.97146849,0.00093310393,0.0081448136,0.0003288335,0.00071121033,0.0035705942
20170913-105416-3.jpg,5,5,0.00013234751,0.00021099054,2.4883276e-05,0.00056137438,6.5689313e-05,0.99818767,0.00021178352,0.00012832031,0.00047693693
20170913-105524-2.jpg,3,3,7.7565203e-05,6.6193584e-05,0.00011208641,0.99927028,3.392596e-05,0.00023791941,3.140558e-05,3.8983677e-05,0.00013163551
20170913-105608-2.jpg,3,3,0.00017974575,0.00016389814,0.0003636849,0.99320797,0.00038724192,0.0030728551,0.00017233477,0.00011222826,0.0023400453
20170913-105822-2.jpg,3,3,0.00021066967,9.1844224e-05,0.00042105556,0.99545035,0.0013694789,0.00049562918,0.00021242102,0.00029321327,0.0014553391
20170913-105918-1.jpg,3,3,4.5530333e-05,1.853952e-05,9.9149156e-05,0.99854685,0.00083782313,0.00030104996,1.1904617e-05,5.6436833e-05,8.2720667e-05
20170913-110116-2.jpg,3,3,3.7886838e-05,1.7568692e-05,2.0382204e-05,0.9996765,5.4568523e-05,0.0001307237,5.6339125e-06,2.176921e-05,3.4969826e-05
20170913-110258-1.jpg,3,8,0.010231619,0.0065222279,0.017663883,0.16130555,0.27772188,0.073641947,0.0024784316,0.0041497221,0.44628474
20170913-110339-1.jpg,3,3,8.6325505e-05,4.3056025e-05,0.00016184322,0.99796948,0.000382927,0.00082520536,8.5151732e-05,0.00010694785,0.00033906052
20170913-110433-3.jpg,5,5,0.0001895239,5.2470313e-05,0.00019129963,0.0022423383,0.00019922857,0.99665009,0.00013496001,0.00010609337,0.00023399421
20170913-115951-2.jpg,5,5,0.00099696681,0.00014294508,1.5647871e-05,0.00072858183,1.2837471e-05,0.99741399,0.00019959269,0.00033826792,0.00015116808
20170913-121144-2.jpg,5,5,0.00016072221,7.8252268e-05,0.00020376145,0.00011175503,0.0005805804,0.9981418,0.00021263462,0.00011904066,0.00039144876
20170913-121340-1.jpg,5,8,0.021602293,0.0032551276,0.029543422,0.17727076,0.01282103,0.14286142,0.0023786905,0.025850874,0.58441639
20170913-121430-1.jpg,5,5,2.0341391e-05,2.5908389e-05,0.00010633343,0.00028818398,3.2344424e-05,0.99917193,0.0001149264,2.3600371e-05,0.00021643038
20170913-121432-3.jpg,3,3,0.00071569825,0.0002426541,0.00058445009,0.96423128,0.00027284243,0.033083877,0.00013462535,0.00021339466,0.00052117431
20170913-121721-3.jpg,3,3,0.00016406798,0.00012575627,0.00017089879,0.9967262,0.002226048,8.4982866e-05,8.6950418e-06,4.6502097e-05,0.00044684422
20170913-122058-3.jpg,3,3,0.00035216827,0.0014206516,0.045326201,0.92433609,0.0021291588,0.0033670269,0.00029101324,0.0005130179,0.022264674
20170913-122111-1.jpg,5,5,0.039463314,0.0035776563,0.00044907102,0.010311966,0.0010126841,0.914487,0.0028332169,0.023501175,0.004363914
20170913-122136-3.jpg,3,3,1.6014034e-05,2.3816013e-06,2.0821154e-06,0.99988985,3.1220482e-05,3.4284151e-05,2.9437816e-06,6.2541169e-06,1.4974706e-05
20170913-122153-3.jpg,3,3,0.00018346997,0.00019316503,0.0058837165,0.99251847,0.00030699433,0.00029513806,4.3071174e-05,9.3412358e-05,0.00048256083
20170913-122238-2.jpg,5,5,0.002252546,0.00036082799,4.5455966e-05,0.00059659621,2.5197749e-05,0.99510673,0.00010671147,0.00057105694,0.00093488106
20170913-122527-2.jpg,5,5,3.6632962e-05,1.3257318e-05,1.6086486e-05,7.6223104e-05,1.7844017e-05,0.99976184,2.6635125e-05,2.0771426e-05,3.0710125e-05
20170913-122734-3.jpg,3,3,0.0026400221,0.007477848,0.0017366218,0.97963543,0.0046719546,0.00015915869,0.00013613165,0.00032178501,0.0032210484
20170913-122745-2.jpg,5,5,0.00018769962,0.00031499903,0.00014750857,0.0003801481,0.00017670617,0.99811478,0.00032056393,0.00021736476,0.0001402294
20170913-122821-3.jpg,3,3,0.042922061,0.011732221,0.00021189549,0.80279757,0.0081780364,0.00026182169,0.00059019832,0.12235216,0.010954028
20170913-122841-1.jpg,5,5,0.00028226114,0.0001507099,7.7145638e-05,0.00012073127,2.5471624e-05,0.99401718,0.0037322908,0.00047232705,0.0011218807
20170913-122944-3.jpg,3,8,0.00027783331,0.00018497384,0.0011750284,0.065116259,0.00088901083,5.6004438e-05,0.0001757918,0.00057582085,0.93154928
20170913-123125-1.jpg,5,5,0.00018899653,5.1895557e-05,2.493487e-05,0.0031906508,9.9392427e-05,0.99584357,0.00011719365,3.6987247e-05,0.00044638079
20170913-123800-1.jpg,5,5,0.0073055858,0.00091191238,0.024099458,0.029625319,0.013042636,0.55596511,0.0064612623,0.0025065858,0.36008213
20170913-124146-2.jpg,5,5,1.6194731e-05,2.3542564e-05,1.4700447e-05,0.0002264242,5.7640752e-06,0.99952167,9.2552167e-05,1.9923163e-05,7.9227278e-05
20170913-124352-3.jpg,5,5,0.027437272,0.0016439984,0.00052978717,0.013126904,0.012648305,0.93550244,0.00028251024,0.00062208263,0.0082067051
20170913-124719-3.jpg,5,5,3.053568e-05,2.1125387e-05,1.5361783e-05,0.00011113447,2.933052e-05,0.99968947,3.1142167e-05,2.1328255e-05,5.0570202e-05
20170920-094037-2.jpg,2,2,1.1341184e-05,2.0695541e-05,0.99973993,2.2019722e-06,8.5279748e-05,6.5628907e-06,1.7731679e-05,4.9415048e-06,0.00011131887
20170920-094121-1.jpg,4,4,0.00061106089,0.00018519158,0.00010901462,8.0631845e-05,0.99206972,2.7578751e-05,0.00013616789,0.00015108516,0.0066295541
20170920-094203-1.jpg,4,4,0.0020381868,0.00017491952,0.00012527647,0.00024369164,0.99251272,6.892894e-05,0.00059524621,0.00041372573,0.0038273033
20170920-094446-1.jpg,2,2,3.5499196e-05,4.7622287e-05,0.99941319,3.3345887e-06,0.00031164268,7.8300034e-06,4.3414951e-05,2.0327984e-05,0.00011713361
20170920-094537-2.jpg,2,2,1.3504329e-05,7.9569141e-05,0.99944373,2.3449845e-06,0.0001627837,1.4756827e-05,2.8331407e-05,5.2505304e-06,0.00024972762
20170920-094607-2.jpg,2,2,2.952159e-05,0.00010909426,0.99876407,6.0217103e-06,0.00032902978,6.1239481e-06,9.235084e-05,2.1020114e-05,0.00064277
20170920-094813-3.jpg,2,2,3.5078631e-05,8.7304167e-05,0.99927779,4.6918307e-06,0.00019717766,8.4856922e-06,5.4830521e-05,2.0686997e-05,0.00031395044
20170920-095040-3.jpg,2,2,7.1583386e-05,0.00011963342,0.99913376,2.0232427e-05,0.00015160978,3.1817989e-05,3.8666421e-05,4.7294844e-05,0.00038540655
20170920-095211-3.jpg,2,2,1.6304738e-05,7.856669e-05,0.99954179,1.9721439e-06,0.00011098887,2.1583589e-05,2.5798728e-05,9.0272798e-06,0.00019396609
20170920-095354-1.jpg,2,2,1.0095862e-05,2.9636239e-05,0.99968868,1.7792378e-06,0.00016899252,7.3885861e-06,1.5472458e-05,6.6907543e-06,7.1262783e-05
20170920-095400-3.jpg,2,2,1.174523e-05,2.5171322e-05,0.99986223,1.4915692e-06,2.9423136e-05,2.3688371e-06,1.2076844e-05,1.8255388e-05,3.7233745e-05
20170920-095425-1.jpg,2,2,1.4093066e-05,5.2469902e-05,0.99936894,2.6760389e-06,0.00041742781,9.9054723e-06,4.6442879e-05,9.8421379e-06,7.8203113e-05
20170920-095716-2.jpg,4,4,6.4883536e-05,6.1276875e-05,4.0594251e-05,0.0023054658,0.99559259,8.8005989e-06,2.179986e-05,4.9354001e-05,0.0018552395
20170920-095857-1.jpg,2,2,7.5926108e-06,3.3267306e-05,0.99972233,1.9226661e-06,0.00011979872,5.1085031e-06,1.2966685e-05,7.2590199e-06,8.9758883e-05
20170920-095943-2.jpg,2,2,1.333716e-05,3.2079915e-05,0.99949678,2.1762343e-06,0.00021309343,5.6274162e-06,1.6531607e-05,6.6001498e-06,0.00021377614
20170920-100021-1.jpg,2,2,8.0573346e-06,2.5508912e-05,0.99983966,1.5909761e-06,6.7141054e-05,5.465584e-06,7.0772843e-06,3.8561448e-06,4.1643827e-05
20170920-100234-1.jpg,2,2,7.4455658e-06,7.2920629e-06,0.99991818,9.7606351e-07,1.5646327e-05,2.3136849e-06,1.3374916e-05,1.11332e-05,2.3642638e-05
20170920-100316-2.jpg,5,5,0.02426559,0.0092526798,0.021194051,0.00254369,0.0051181378,0.67947225,0.15197903,0.066594657,0.039579919
20170920-100933-2.jpg,2,2,1.3464369e-06,1.11726e-05,0.99994635,5.1102922e-07,9.6977407e-06,2.1090313e-06,6.492984e-06,1.8137405e-06,2.0511224e-05
20170920-101745-1.jpg,2,2,7.3957426e-06,1.0883802e-05,0.99991909,3.0102312e-06,1.7889764e-05,3.4394636e-06,1.5333204e-05,7.890338e-06,1.5069682e-05
20170920-101929-1.jpg,2,2,9.4303402e-06,1.482048e-05,0.99971691,5.5052502e-06,3.7706904e-05,6.3506268e-05,1.3417765e-05,5.7768538e-06,0.00013292363
20170920-102030-1.jpg,2,2,1.7503294e-06,1.1023337e-05,0.99994229,1.1654871e-06,9.587908e-06,3.1761048e-06,1.3085105e-05,2.9256631e-06,1.4999317e-05
20170920-110749-2.jpg,4,3,0.0026195923,0.0019498621,0.00019715771,0.85130641,0.12778002,1.3632336e-05,2.2109272e-05,0.0093923411,0.0067188789
20170920-110919-2.jpg,2,2,8.6569294e-07,3.1095195e-06,0.99997838,3.5144297e-07,5.9988178e-06,2.0576051e-06,1.8372435e-06,9.6809501e-07,6.4344704e-06
20170920-110952-2.jpg,2,2,2.330197e-06,9.5917047e-06,0.99941747,2.1538184e-05,0.00020861437,2.1789744e-05,3.5448002e-05,1.2218733e-05,0.00027099467
20170920-111011-3.jpg,2,2,4.8099179e-06,1.0281427e-05,0.99962273,1.2998075e-06,6.3267922e-05,1.8371426e-05,2.4147809e-05,2.3126015e-06,0.00025278094
20170920-111042-3.jpg,4,4,0.0014179863,0.00042750098,0.010066805,0.17148425,0.78585147,0.00016330382,0.00041480708,0.0030878689,0.027086011
20170920-111129-2.jpg,2,2,6.4643557e-06,1.0109637e-05,0.997648,1.5062762e-05,0.0020225345,1.320935e-05,1.216377e-05,1.1708897e-05,0.00026074483
20170920-111146-2.jpg,2,2,1.6250639e-06,5.9974018e-06,0.9999478,1.4526605e-06,2.2439982e-06,2.2580901e-05,2.8814387e-06,2.0702489e-06,1.3348075e-05
20170920-111615-2.jpg,2,2,1.7499539e-06,1.1777633e-05,0.99987127,2.2557044e-06,9.1386478e-06,2.1307237e-05,1.2080126e-05,1.9725184e-06,6.8449432e-05
20170920-112118-3.jpg,4,4,0.00030000732,0.00029118902,0.0012097011,0.27476099,0.71904804,2.8719488e-05,3.8643697e-05,0.0016504838,0.002672226
20170920-112120-2.jpg,2,2,1.1169779e-06,5.3277661e-06,0.99994131,1.7085516e-06,9.2059044e-06,1.0133244e-05,5.7812392e-06,2.5636701e-06,2.2850777e-05
20170920-112429-3.jpg,2,2,2.1423024e-06,1.6913218e-06,0.99997066,1.1004882e-06,5.7190336e-06,2.4178107e-06,3.4709433e-06,2.2331953e-06,1.0567676e-05
20170920-112545-3.jpg,2,2,2.9022412e-06,1.3380575e-05,0.99995245,4.8308738e-07,5.3885202e-06,3.1981825e-06,2.6944114e-06,4.4884651e-06,1.5018251e-05
20170920-112716-3.jpg,2,2,1.7898217e-06,6.1755301e-06,0.99996789,1.1769864e-06,6.1755243e-06,2.0843385e-06,2.6541262e-06,2.4147137e-06,9.6388777e-06
20170920-113335-3.jpg,2,2,1.7723849e-06,9.6129287e-06,0.99971993,1.9566941e-06,4.569829e-06,3.4332337e-05,1.9613368e-05,5.4885598e-06,0.00020272384
20170920-113405-3.jpg,2,2,1.5516102e-06,2.3939767e-06,0.99997262,5.2541868e-07,5.812081e-06,2.3833805e-06,2.5364655e-06,1.2796275e-06,1.08936e-05
20170920-113437-3.jpg,2,2,1.8216834e-05,4.1570027e-05,0.99975557,9.9232203e-06,1.0025792e-05,5.0481957e-05,2.0547475e-05,1.5825335e-05,7.7841859e-05
20170920-113530-3.jpg,2,2,7.8599932e-07,1.9722511e-06,0.99997905,5.7233147e-07,2.2514872e-06,6.6025118e-06,1.5549296e-06,9.8676983e-07,6.227232e-06
20170920-113543-3.jpg,2,2,2.2101894e-06,8.2625852e-06,0.9999132,2.0051675e-06,7.4368391e-06,1.0783075e-05,8.4717029e-06,4.8673713e-06,4.2761868e-05
20170920-113634-3.jpg,2,2,0.00043714756,0.00017950359,0.85062831,0.00013487742,0.11729617,0.0003526151,0.00041900105,0.00014135599,0.030411024
20170920-113646-3.jpg,2,2,4.6525815e-05,2.3590005e-05,0.98822968,2.3716049e-05,0.006263522,6.7691788e-05,6.8282862e-05,2.9853426e-05,0.0052471404
20170920-113728-2.jpg,2,2,4.1704281e-06,7.481046e-06,0.99984679,5.4262837e-06,1.4059194e-05,8.5227094e-06,2.0063686e-05,9.1698336e-06,8.4319024e-05
20170920-114055-3.jpg,2,2,2.2864719e-06,2.5379837e-06,0.99994612,1.2087248e-06,1.5728888e-05,4.6077638e-06,3.8696156e-06,2.5879814e-06,2.1050848e-05
20170920-114110-2.jpg,2,2,3.1882714e-06,1.2588209e-05,0.99985665,3.7807329e-06,2.3978433e-05,1.4768158e-05,9.6662379e-06,6.4650274e-06,6.8913977e-05
20170920-114220-3.jpg,2,2,6.5261314e-06,1.8301423e-06,0.99990747,2.5331538e-06,4.027921e-05,2.5084789e-06,6.4485728e-06,7.4027528e-06,2.5002088e-05
20170920-114244-3.jpg,2,2,1.8102704e-06,1.9734964e-06,0.99997748,7.9856461e-07,5.0335306e-06,3.0177418e-06,1.8518802e-06,1.4395276e-06,6.5915441e-06
20170920-114250-2.jpg,2,2,6.5372617e-06,1.6186767e-05,0.99977249,9.3129381e-06,0.00010754251,1.0817155e-05,8.9533373e-06,1.284348e-05,5.531175e-05
20170920-114342-3.jpg,2,2,4.3135844e-06,6.3635644e-06,0.99989277,5.3653413e-06,1.0266802e-05,1.3955848e-05,1.6730594e-05,5.8517878e-06,4.4384553e-05
20170920-114832-2.jpg,2,2,2.9102784e-06,7.0053932e-06,0.99979445,2.6094005e-06,0.00012728902,3.3775704e-06,5.6892514e-06,3.0030171e-06,5.3662972e-05
20170920-115200-3.jpg,2,2,9.6993659e-05,0.00010986446,0.96834517,1.3833707e-05,0.00035091258,0.00017635013,0.00029302523,0.0001683932,0.03044546
20170920-115307-2.jpg,2,2,3.4155833e-06,4.2673492e-06,0.99991486,1.2079305e-06,2.0771364e-05,2.4069302e-05,4.6742824e-06,2.3859542e-06,2.4351535e-05
20170920-115351-2.jpg,2,2,1.3639592e-05,1.5695481e-05,0.99980951,8.8357173e-06,4.4088795e-05,1.1523784e-05,7.1889539e-06,1.3351874e-05,7.6161639e-05
20170920-115420-2.jpg,2,2,2.6819717e-06,6.1309405e-06,0.99994678,1.6593095e-06,3.5970769e-06,5.8275426e-06,6.8987638e-06,3.3339755e-06,2.3090931e-05
20170920-115453-3.jpg,2,2,5.6126397e-06,5.5516484e-06,0.99985264,4.1365833e-06,1.4535184e-05,5.5114554e-05,1.2137106e-05,2.7415331e-06,4.7530666e-05
20170920-115538-2.jpg,2,2,1.2167206e-05,4.0817149e-06,0.99982276,3.3326847e-06,7.1090375e-05,3.3953879e-06,5.8193888e-06,6.1209902e-06,7.1228824e-05
20170920-115716-2.jpg,2,2,4.9332525e-05,1.3008849e-05,0.99824014,6.0844546e-06,0.0002927302,8.1289935e-06,1.1770392e-05,3.8888672e-05,0.0013399206
20170920-120001-2.jpg,2,2,0.00037139777,0.00010656635,0.92034228,8.3668305e-05,0.022258152,0.00046927076,0.0003419808,0.00014532666,0.055881355
20170920-130354-2.jpg,2,2,3.4120702e-06,3.8135665e-06,0.99994103,9.2735043e-07,1.5378567e-05,6.6892671e-06,1.0352745e-05,3.913141e-06,1.4486083e-05
20170920-130803-2.jpg,2,2,2.9528994e-06,2.4512126e-06,0.99933786,2.0545215e-06,0.00044628591,8.6252729e-06,7.9780681e-06,1.8043741e-06,0.00018998338
20170920-130911-2.jpg,2,2,2.2658059e-06,6.0011314e-06,0.99987437,1.7983521e-06,4.2493557e-06,1.1711523e-05,1.5869211e-05,3.1074197e-06,8.0630954e-05
20170920-131001-2.jpg,2,2,0.00056094806,0.00025025576,0.9932825,0.00041952161,0.00071883024,0.003350691,3.5394609e-05,0.00021665772,0.0011652036
20170920-131101-2.jpg,2,4,0.0053909967,0.00081288201,0.22118769,0.0005767423,0.55225329,0.00096535718,0.00032834665,0.00097278662,0.21751192
20170920-131212-2.jpg,2,2,1.6829065e-05,4.8255791e-05,0.99896024,2.5939136e-05,0.00018414503,0.00048489957,2.5413677e-05,1.197196e-05,0.00024230551
20170920-132106-2.jpg,2,2,0.00040382144,0.00026142726,0.99473983,0.0032184862,5.7295392e-05,0.00044480998,3.5124059e-05,0.00035197472,0.00048723259
20170920-132152-2.jpg,2,2,1.9146215e-05,1.4148198e-05,0.99975548,2.2556132e-05,1.8653763e-05,5.8552908e-05,1.5911593e-05,1.0954202e-05,8.459892e-05
20170920-132623-2.jpg,2,2,0.00010000288,6.8922927e-06,0.99922142,0.00012203542,8.7516641e-05,2.8633111e-05,1.6518258e-05,2.8027074e-05,0.00038895181
20170920-132825-2.jpg,2,2,1.323577e-06,2.611633e-06,0.99997693,8.5605314e-07,6.0368418e-06,3.8579034e-06,1.2292352e-06,1.4806186e-06,5.6739065e-06
20170920-133159-2.jpg,2,2,2.186614e-06,5.3464649e-06,0.99985392,1.3573155e-05,2.1909421e-05,7.5893153e-06,3.431456e-06,2.8801891e-06,8.9161136e-05
20170920-133309-2.jpg,2,2,1.1681069e-05,3.0395505e-05,0.99962764,2.676562e-05,9.8587911e-05,2.9773976e-05,9.5734364e-06,4.0719794e-05,0.00012485856
20170920-133648-2.jpg,2,2,1.2667767e-05,1.5662178e-05,0.99900829,1.2986463e-05,0.0003575815,1.0690162e-05,2.1609755e-05,3.3243791e-05,0.00052726955
20170920-133722-2.jpg,2,2,1.8033804e-06,3.0735581e-06,0.99996647,7.7543906e-06,2.0114177e-06,2.2913489e-06,1.5851665e-06,3.100879e-06,1.1906812e-05
20170920-133910-2.jpg,2,2,3.531248e-05,3.5200314e-05,0.99978402,3.3260775e-05,1.4244813e-05,4.0421164e-05,5.709122e-06,2.52372e-05,2.6594877e-05
20170920-134648-2.jpg,2,2,0.00022519241,0.00027606937,0.97385704,0.00016295097,0.011552041,4.7058277e-05,0.00023744358,0.00028271207,0.013359491
20170920-135038-2.jpg,2,2,0.00014249768,0.0002031369,0.96605816,0.00024491184,0.01502252,6.2864934e-05,0.0001363583,0.00034140542,0.01778814
20170920-140039-2.jpg,2,2,8.2282919e-07,2.788299e-06,0.99997679,3.4094947e-07,3.315948e-06,1.6008401e-06,2.4264063e-06,1.2970455e-06,1.0618177e-05
20170920-140120-2.jpg,2,2,1.023237e-06,7.6144803e-06,0.99996345,3.5618653e-07,4.7276625e-06,2.2826437e-06,2.5272973e-06,1.5686851e-06,1.6449686e-05
20170920-160103-3.jpg,2,2,3.7662065e-06,4.3833983e-06,0.99991159,1.2964026e-05,1.1975116e-05,2.1544612e-05,4.1517986e-06,5.9478696e-06,2.3673893e-05
20170920-160143-3.jpg,2,2,6.7125752e-06,1.3951476e-05,0.99951444,1.8850884e-05,3.401457e-05,5.0835257e-05,2.1071287e-05,1.6188167e-05,0.00032393809
20170920-160514-3.jpg,2,2,3.4721199e-06,5.9267858e-06,0.99988699,1.6947289e-05,6.7572151e-06,4.2357021e-05,6.5552397e-06,5.2986958e-06,2.5699296e-05
20170920-160536-3.jpg,2,2,2.8214116e-06,1.2033904e-05,0.99991406,7.0230957e-07,4.7154367e-05,1.1662103e-06,4.1981633e-06,1.8547923e-06,1.6013291e-05
20170920-160548-3.jpg,2,2,1.3710723e-05,1.1742038e-05,0.99838297,1.0975861e-05,0.00082071857,2.7702435e-05,4.648818e-05,8.7419173e-06,0.00067694693
20170920-160634-3.jpg,2,2,7.3278831e-06,3.6846925e-05,0.99977406,1.4249827e-06,5.0252634e-05,7.0414612e-06,7.0047459e-06,4.6646017e-06,0.00011137994
20170920-162006-3.jpg,2,2,0.0004140594,7.315153e-05,0.81395241,8.8621683e-05,0.17852338,7.5716725e-05,5.8911375e-05,0.00038654451,0.0064272105
20170920-162211-3.jpg,2,2,1.6989028e-06,2.0672633e-06,0.9999521,2.7592287e-06,1.3258184e-05,5.4651731e-06,3.873089e-06,2.2290734e-06,1.6552168e-05
20170920-162458-3.jpg,2,2,6.1039126e-06,1.6762657e-05,0.99986554,2.1228822e-05,8.2282144e-06,3.2130155e-05,1.2382478e-05,9.3532224e-06,2.8266748e-05
20170920-162530-3.jpg,2,2,1.8654082e-05,2.0875683e-05,0.9966848,2.5031738e-05,0.00092992042,5.1906361e-05,4.6038969e-05,2.1179568e-05,0.0022015939
20170920-162737-3.jpg,2,2,2.9084391e-06,6.1273836e-06,0.99981648,5.2180774e-06,7.3006804e-05,5.4915023e-06,6.4799041e-06,5.8011117e-06,7.8490551e-05
20170920-162748-3.jpg,2,2,3.4149188e-06,9.9009261e-06,0.99972153,2.3186775e-06,5.4122071e-05,7.0046767e-06,1.5539258e-05,7.4700197e-06,0.00017870419
20170920-162858-3.jpg,2,2,0.00037305358,0.00011368343,0.90270544,6.793723e-05,0.072918396,0.00010898488,0.00011102568,0.00021598011,0.023385497
20170920-163134-3.jpg,2,2,1.4747173e-05,3.4403111e-06,0.99966079,4.3531683e-06,8.6649794e-05,1.6517001e-05,1.3472362e-05,7.292624e-06,0.00019273969
20170920-163318-3.jpg,2,2,6.4639302e-06,8.4431211e-06,0.99988433,5.1927481e-06,2.0853885e-05,3.9025142e-05,3.3757132e-06,7.9437148e-06,2.4374407e-05
20170920-163354-3.jpg,2,2,1.9153442e-06,5.5405233e-06,0.99992677,2.4290988e-06,6.1131473e-06,3.7350442e-06,1.2614115e-05,5.1823367e-06,3.569542e-05
20170920-163419-3.jpg,2,2,6.9516285e-05,3.4668803e-05,0.9995897,5.4701506e-05,4.7154695e-05,3.398616e-05,1.5857968e-05,5.7123915e-05,9.7291392e-05
20170920-163436-3.jpg,2,2,6.8730196e-05,3.814147e-05,0.99956734,9.9144748e-05,4.2344273e-05,6.5963287e-05,8.8183569e-06,3.3994205e-05,7.5522161e-05
20170920-163812-3.jpg,2,2,1.3560606e-06,2.7471075e-06,0.99998143,5.6389398e-07,1.8181568e-06,1.7624577e-06,2.6838208e-06,2.3857757e-06,5.2526181e-06
20170920-163845-3.jpg,2,2,0.00014074867,2.77441e-05,0.98480618,5.4794628e-05,0.0055171237,9.956908e-05,4.8149115e-05,3.2255959e-05,0.0092734386
20170920-163907-3.jpg,2,2,1.7926347e-06,5.2354376e-06,0.99995355,1.6029439e-06,2.7757099e-06,7.4227176e-06,4.1722659e-06,2.365306e-06,2.1078195e-05
20170920-163917-3.jpg,2,2,5.3585422e-06,2.9866762e-06,0.99992591,1.0096942e-06,2.747486e-05,2.1850177e-06,2.6047073e-06,3.4718126e-06,2.9003472e-05
20170920-163942-3.jpg,2,2,7.889098e-07,1.7064333e-06,0.9999782,3.2259358e-07,3.8832853e-06,3.7939598e-06,3.0652391e-06,9.6835384e-07,7.2727487e-06
20170920-164043-3.jpg,2,2,7.9825542e-05,1.2396211e-05,0.99828636,3.0967225e-05,0.0010551644,1.4917404e-05,1.4425296e-05,3.5252413e-05,0.00047069405
20170920-164158-3.jpg,2,2,9.2582947e-07,6.1089687e-06,0.99993274,1.4900188e-06,1.5806434e-05,2.1813037e-06,2.1696243e-06,2.1494512e-06,3.6432173e-05
20170920-164246-3.jpg,2,2,5.780093e-05,8.4142899e-06,0.99944887,4.8687303e-05,5.7184905e-05,7.1117094e-06,2.3564892e-05,3.4353448e-05,0.00031400952
20170920-164316-3.jpg,2,2,3.7505075e-06,8.5729141e-06,0.99974689,9.1390753e-06,3.545401e-05,1.7181162e-05,6.7787839e-06,2.8838652e-06,0.00016935173
20170920-164757-3.jpg,2,2,3.3064946e-06,1.0080045e-05,0.99995175,3.5039957e-06,5.5300076e-06,6.7003492e-06,3.1132777e-06,4.8907302e-06,1.112341e-05
20170920-164910-3.jpg,2,2,0.00042704088,0.00026613227,0.98970357,0.0028411996,0.00049430649,0.0035489711,0.00013448758,0.00043877892,0.002145517
20170920-164924-3.jpg,2,2,0.00099348692,0.00014202617,0.99213067,0.00028374941,0.0012790479,0.00034835006,6.355742e-05,0.00062898692,0.0041301237
20170920-171010-3.jpg,2,2,7.1762926e-07,3.7939921e-06,0.99996127,8.2350587e-07,3.9834198e-06,9.3507851e-06,5.1934018e-06,7.5058688e-07,1.4116893e-05
20170920-171122-3.jpg,2,2,6.3959866e-06,2.8252683e-05,0.9996412,4.8861502e-05,2.8931463e-05,3.7172513e-05,2.9596288e-05,1.0511327e-05,0.00016907569
20170920-171358-1.jpg,4,4,0.00063322267,0.00026120549,0.056315409,0.0071150453,0.89665132,0.0008792839,0.00043907001,0.0045786462,0.033126795
20170920-171447-3.jpg,2,2,7.3247622e-06,1.5750477e-05,0.99963183,1.8728043e-05,2.4841423e-05,4.7535739e-05,6.6745181e-06,1.2273938e-05,0.00023503935
20170920-171913-1.jpg,2,2,3.1019219e-06,3.8260994e-06,0.99996118,1.0233157e-06,3.5716371e-06,3.8360975e-06,6.1610123e-06,3.8498685e-06,1.3446275e-05
20170920-171948-1.jpg,2,2,1.558315e-05,2.157331e-05,0.99967944,8.5367201e-06,9.8208068e-05,7.8729122e-06,5.1515399e-06,1.1189216e-05,0.00015244307
20170920-172057-1.jpg,2,2,1.8913981e-06,4.6552202e-06,0.99996046,4.7770355e-07,1.2916011e-05,2.2318717e-06,3.752838e-06,2.400535e-06,1.1217271e-05
20170920-172208-1.jpg,2,2,4.960706e-06,1.592224e-05,0.99991747,2.4138269e-06,2.6396533e-05,7.4059312e-06,9.6662704e-06,4.7386714e-06,1.1028496e-05
20170920-172300-1.jpg,2,2,4.6662945e-06,1.0599311e-05,0.99992467,1.2612965e-06,2.3380298e-05,1.0057326e-05,1.0277361e-05,8.1949018e-06,6.8887441e-06
20170920-173813-1.jpg,4,2,0.02166443,0.011917433,0.75160437,0.0015866243,0.081485567,0.0083270959,0.00065183665,0.023607277,0.099155366
20170920-174352-1.jpg,4,4,0.00045737096,0.00031044974,0.00036687905,0.026236214,0.95950104,5.0002373e-05,4.7506316e-05,0.0010010483,0.012029491
20170920-174644-1.jpg,2,2,9.4772485e-05,0.00018229281,0.9958094,1.1631835e-05,0.00036911757,7.1038052e-05,8.6361164e-05,2.4219146e-05,0.0033511709
20170920-180512-1.jpg,2,2,1.5470108e-06,9.8570666e-06,0.999946,6.9325449e-07,3.0079411e-06,5.8908974e-06,5.1303535e-06,1.7333524e-06,2.6143059e-05
20170920-180928-1.jpg,2,2,2.0278953e-06,1.5598133e-06,0.9999319,7.5678243e-07,5.9922454e-06,2.1946824e-06,2.4209154e-06,2.814581e-06,5.0332572e-05
20170920-181043-1.jpg,2,2,4.4531823e-05,1.654663e-05,0.99949258,1.8101909e-05,7.848802e-05,6.0978616e-05,3.1294543e-05,3.0101491e-05,0.00022737874
20170920-181106-1.jpg,2,2,7.1449462e-06,4.284871e-05,0.99951502,3.0034743e-06,7.4336478e-05,9.2166207e-05,1.1068259e-05,8.9114996e-06,0.00024549852
20170920-181315-1.jpg,2,2,3.2712244e-05,3.5252135e-05,0.99711722,2.7361567e-05,0.00046379136,0.001008161,4.1713441e-05,3.2108364e-05,0.0012416769
20170920-182718-1.jpg,2,2,2.6116223e-06,3.827564e-06,0.99983634,1.4129935e-05,3.1707219e-05,9.6538408e-06,3.8094952e-06,2.7999986e-06,9.5117957e-05
20170920-182841-1.jpg,2,2,8.3521977e-06,2.9670403e-06,0.99977893,2.9792623e-06,5.4973583e-05,3.2798705e-06,8.9432024e-06,6.8764397e-06,0.00013269899
20170920-182932-1.jpg,2,2,0.00010601332,6.1781154e-05,0.99318996,0.0036669921,0.0017388921,3.502463e-05,7.2546943e-05,0.00034796243,0.00078082538
20170920-183005-1.jpg,2,2,0.0022675738,0.0003473159,0.939196,0.022297015,0.020433998,0.00058397518,0.00020633147,0.00077895841,0.013888835
20170920-183310-1.jpg,2,2,1.2731112e-06,2.4335741e-06,0.99997325,6.5225153e-07,2.5342054e-06,4.046848e-06,3.4986174e-06,1.0300814e-06,1.1284651e-05
20170920-183330-1.jpg,2,2,1.2833014e-05,1.2544334e-05,0.99962149,1.3747095e-05,5.0507909e-05,2.751111e-05,1.8246735e-05,5.7870902e-06,0.00023733017
20170920-183647-1.jpg,2,2,1.4587779e-05,3.3524918e-06,0.99973413,4.4986023e-06,3.5505414e-05,3.3432339e-05,9.8111849e-06,4.9130074e-06,0.00015977393
20170920-183728-1.jpg,2,2,1.3408942e-05,9.8645229e-06,0.99924355,2.0431286e-05,5.9550604e-05,6.0070318e-05,3.1595412e-05,1.0787224e-05,0.00055074345
20170920-184010-1.jpg,2,2,0.0014030701,0.00017276467,0.98208764,0.0093678032,0.0015457348,0.00011575895,7.8040235e-05,0.0016460762,0.0035831148
20170920-184209-1.jpg,2,2,3.8314885e-06,1.3496945e-05,0.99979565,3.4158404e-05,3.8302809e-05,2.8025149e-05,1.5616973e-05,6.77242e-06,6.4148082e-05
20170920-184904-1.jpg,2,2,1.7741844e-06,3.5406794e-06,0.99992167,1.2486164e-06,6.7208713e-06,2.7804257e-05,2.619063e-06,4.2586516e-06,3.0363978e-05
20170920-185231-1.jpg,2,2,1.1031031e-06,2.8686785e-06,0.999914,3.9793809e-07,1.8773618e-05,2.7664582e-06,7.6635849e-06,1.5794748e-06,5.0848998e-05
20170920-185253-1.jpg,2,2,5.548143e-06,4.7920528e-06,0.99983782,1.1146097e-06,2.3228256e-05,4.9329149e-06,5.4115022e-06,5.3960683e-06,0.00011175549
20170920-185441-1.jpg,2,2,7.0973659e-07,1.7827527e-06,0.99997543,2.6806471e-07,3.1955104e-06,1.6443227e-06,2.5395392e-06,1.2005996e-06,1.3233413e-05
20170920-185744-1.jpg,2,2,1.3672958e-05,8.6806152e-06,0.99899826,2.2058469e-05,6.3754015e-05,3.292267e-05,4.9421998e-05,1.6422166e-05,0.00079480592
20170920-185902-1.jpg,2,2,1.5692592e-05,1.328511e-05,0.99973074,3.372012e-05,6.0851849e-05,3.6467897e-06,1.1615762e-05,1.8163788e-05,0.00011228759
20170920-190113-1.jpg,2,2,1.6475437e-05,9.5127306e-06,0.99970509,4.6628313e-05,1.371836e-05,8.4257846e-05,2.0551592e-05,1.4393765e-05,8.9369408e-05
20170920-190207-1.jpg,2,2,4.382563e-06,4.5482471e-06,0.99961237,4.3264029e-06,4.6342215e-05,4.4463986e-05,2.0329003e-05,6.051397e-06,0.00025719002
20170920-190229-1.jpg,2,2,1.3865403e-05,8.9220693e-06,0.9996246,7.8881251e-06,2.4938763e-05,5.0054697e-05,9.8432217e-06,2.0078749e-05,0.00023981308
20170920-190248-1.jpg,2,2,3.3060265e-06,2.5262229e-06,0.99991733,1.3738844e-06,1.271774e-05,4.6449569e-06,4.7543079e-06,4.2112991e-06,4.9135828e-05
20170920-190640-1.jpg,2,2,1.0769428e-05,3.5316913e-05,0.99959953,2.7797599e-05,0.00017640366,1.5535774e-05,1.5734734e-05,3.8977048e-05,7.9935309e-05
20170920-190809-1.jpg,2,2,9.9711287e-06,6.4260979e-06,0.9993309,2.900272e-06,8.4151147e-05,0.00010163671,2.0879128e-05,1.6405487e-05,0.00042673182
20170920-191441-1.jpg,2,2,1.4324094e-06,5.0904521e-06,0.99995572,9.1243367e-07,1.791069e-06,4.9149189e-06,5.1171532e-06,5.0924065e-06,1.9929127e-05
20170920-191707-1.jpg,2,2,1.2997325e-06,5.2840113e-06,0.99996739,1.4998339e-06,4.9615594e-06,3.5037811e-06,2.0664895e-06,2.0012795e-06,1.1989902e-05
20170920-191748-1.jpg,2,2,1.7709821e-06,5.7029582e-06,0.99993831,1.1659016e-06,7.6124942e-06,1.207487e-05,5.5966226e-06,1.5348469e-06,2.6229333e-05
20171025-073152-1.jpg,3,3,0.001443707,0.0012658607,1.7050878e-05,0.99174468,0.0015854387,4.4566887e-05,3.3355763e-05,0.00039854681,0.0034667952
20171025-073808-2.jpg,3,3,0.0002003897,0.00026181237,3.1325773e-05,0.99670886,0.0010430894,3.8204206e-05,7.2800177e-05,3.8513743e-05,0.0016050047
20171025-073900-2.jpg,3,3,4.959552e-05,2.3901229e-05,8.0086293e-06,0.99971503,9.9892274e-05,4.6187997e-06,1.0120837e-05,1.9257615e-05,6.9575362e-05
20171025-073944-1.jpg,3,3,0.00060340059,0.00096556771,2.8078796e-05,0.9941474,0.0025951093,1.6594668e-05,4.8843996e-05,0.00039743409,0.0011975743
20171025-074035-2.jpg,3,3,0.00018704818,0.00031737483,3.1804367e-05,0.98034783,0.0020448905,4.2156911e-05,0.00090989193,0.00013284226,0.015986165
20171025-074040-1.jpg,3,3,0.012708836,0.012831074,0.0022258236,0.84634894,0.028313489,0.0029517879,0.017619753,0.010039676,0.066960618
20171025-074208-1.jpg,3,3,0.0011977494,0.0020606001,0.00018951116,0.97010429,0.014963269,0.0001991236,0.001613206,0.00078572474,0.008886528
20171025-074337-3.jpg,3,3,0.00030718908,0.00039626543,4.6789913e-06,0.9982968,8.8882637e-05,6.9788576e-06,0.00014305423,0.0001937813,0.00056237442
20171025-074720-3.jpg,7,7,0.0056763533,0.04735712,5.2861864e-05,0.00065982342,5.2115972e-05,2.5382177e-05,0.0016683502,0.89339864,0.051109352
20171025-074804-2.jpg,3,3,0.00013800621,0.00012518436,2.1363898e-05,0.99893145,0.00037791249,1.0735878e-05,2.7238027e-05,4.7952086e-05,0.00032015485
20171025-074814-3.jpg,3,3,3.2605682e-05,0.00013185133,2.9112278e-06,0.99933999,2.4312983e-05,3.8295296e-06,0.00017216421,2.3533899e-05,0.00026879803
20171025-074945-3.jpg,3,3,0.002639508,0.0045652486,1.4258098e-05,0.97920917,3.8914156e-05,1.0113736e-05,0.0025195751,0.0054963843,0.0055068234
20171025-075009-3.jpg,3,3,0.00028126975,0.00055606472,7.1875719e-06,0.9970039,3.0794986e-05,5.4490937e-06,0.00091067686,0.0001092296,0.0010954289
20171025-075029-3.jpg,3,3,0.00071432325,0.00016791199,6.1582931e-06,0.99608977,0.00018032231,1.0932734e-05,0.00024845337,0.00010928697,0.0024728404
20171025-075137-1.jpg,3,3,0.00033395221,4.3519502e-05,1.125986e-05,0.9655395,9.1587382e-05,3.9292846e-06,0.00016989784,0.00055098761,0.033255365
20171025-075207-1.jpg,3,3,4.8730877e-05,2.4685046e-05,5.2764558e-06,0.99755023,9.7609325e-05,2.0370233e-06,4.8062481e-05,1.6402198e-05,0.0022069657
20171025-075230-2.jpg,3,1,0.42330618,0.43513931,0.00031967226,0.0097244004,0.0033634058,0.00016713104,0.0030100617,0.10113322,0.02383661
20171025-075321-2.jpg,3,3,8.317172e-05,1.8037861e-05,9.7957163e-06,0.99956322,0.00012559435,6.3787094e-06,1.7481498e-05,2.1345522e-05,0.00015497948
20171025-075321-3.jpg,3,3,0.00018765479,0.0004372089,5.8663355e-06,0.998381,0.00011082018,1.5655228e-05,4.3214188e-05,5.4239616e-05,0.00076433746
20171025-075340-2.jpg,3,3,0.00033019244,0.00018525235,5.4354e-06,0.99884742,2.5787408e-05,1.3113898e-05,9.4610333e-05,9.5058332e-05,0.00040312714
20171025-075622-1.jpg,3,3,6.6350137e-05,2.513693e-05,4.3424664e-05,0.99774778,7.1348885e-05,9.0947616e-06,0.00016128068,4.0412731e-05,0.0018351669
20171025-075942-2.jpg,3,3,0.035017557,0.031205979,8.3489643e-05,0.89025227,0.0027806838,0.0001745526,0.00022406928,0.019574582,0.02068682
20171025-075943-3.jpg,3,3,0.0021180002,0.010022817,6.9379076e-05,0.82265219,3.7581933e-05,0.0013222799,0.0013864303,0.0024596579,0.15993167
20171025-080026-1.jpg,3,3,0.00014144338,0.0012421058,5.1507103e-05,0.98504458,0.0007087198,4.0165306e-06,0.001270581,0.00019474821,0.011342303
20171025-080109-1.jpg,3,3,0.00017013853,0.00014232008,3.6359994e-06,0.85120475,6.6700629e-05,3.5248105e-06,8.7307462e-05,0.0001625724,0.14815905
20171025-080341-1.jpg,3,3,1.669213e-05,5.031961e-06,7.0170282e-06,0.99971827,5.7717699e-05,1.9040096e-06,2.6748719e-05,1.7182581e-05,0.00014943376
20171025-080400-1.jpg,3,3,3.2961402e-05,1.7627453e-06,2.0408187e-06,0.99966365,5.4952783e-05,1.0352764e-06,1.271947e-05,1.2784219e-05,0.0002180967
20171025-080431-1.jpg,3,3,0.0010477788,3.5956369e-05,4.9717709e-05,0.97825255,4.4054884e-05,8.54688e-06,9.9848138e-05,0.0011301836,0.019331362
20171025-080548-2.jpg,3,3,0.001051599,0.00015772108,0.00014326672,0.92336375,0.00024263223,2.5060244e-05,0.0013085915,0.0041160414,0.069591336
20171025-080953-1.jpg,3,3,4.6370327e-05,1.230455e-05,4.6190439e-05,0.996971,0.00048703508,6.1012866e-06,0.00039661555,5.921986e-05,0.0019751611
20171025-081051-3.jpg,3,3,0.00014795469,2.5559835e-05,2.3002569e-05,0.99391937,0.0052566007,9.717179e-06,4.3071112e-05,8.2913618e-05,0.00049180594
20171025-081322-2.jpg,3,3,4.2009831e-05,3.2625227e-06,9.7028007e-06,0.99939683,0.00015901297,1.2234428e-06,9.3777605e-06,1.8709959e-05,0.00035987414
20171025-081548-1.jpg,3,3,0.00015484612,3.2653944e-05,0.00014092377,0.99509243,0.00035336555,1.2572135e-05,0.00073811125,0.00024892829,0.003226173
20171025-081556-2.jpg,3,3,0.0002828193,0.00014736692,8.8791172e-05,0.8615717,0.00028378281,9.8668289e-05,0.0028925337,0.00033827787,0.13429606
20171025-081726-2.jpg,3,3,9.6207743e-05,2.5458689e-05,0.0001920985,0.97331402,8.6043784e-05,7.5606091e-05,0.00040118022,0.00016527576,0.025644104
20171025-081740-1.jpg,0,0,0.996125,2.9069607e-05,1.0729229e-05,1.0802747e-05,4.8525839e-06,4.546128e-05,1.1120351e-06,0.0011939266,0.0025790426
20171025-081752-2.jpg,3,3,9.7405349e-05,4.1803791e-05,7.6221206e-05,0.98213778,9.915985e-05,2.4359461e-05,0.00055488614,0.00011214123,0.016856246
20171025-081905-1.jpg,0,0,0.91411532,0.00033182258,1.8655242e-05,2.9696603e-05,3.9024142e-05,0.00049485134,1.9824228e-05,0.077851925,0.0070988766
20171025-082130-2.jpg,3,3,0.0089942507,1.3674603e-05,3.1012663e-05,0.98691282,0.0003911065,1.6195951e-05,3.6345055e-05,0.00036082924,0.003243767
20171025-082241-2.jpg,3,3,0.00017196891,3.4366885e-06,2.2723588e-05,0.99954143,5.4964656e-05,8.9469133e-06,1.943848e-05,2.0924545e-05,0.0001561662
20171025-082253-1.jpg,0,0,0.98309701,0.0002957933,1.2303287e-05,1.893873e-05,1.0392563e-05,0.00014545095,2.0926949e-06,0.015558677,0.00085934348
20171025-082303-3.jpg,3,3,0.0002038463,8.6834739e-06,1.3988515e-05,0.99720401,0.0021972962,3.4224399e-06,1.1881181e-05,0.0001088345,0.00024803991
20171025-082312-1.jpg,0,0,0.98666461,0.0001220726,7.9107989e-06,1.3183612e-05,5.3871463e-06,5.5409061e-05,2.6286422e-06,0.011918586,0.0012102119
20171025-082605-1.jpg,3,3,0.0077010522,9.2817273e-05,0.00017809927,0.74003885,0.0010891921,3.8944192e-05,0.00012289028,0.00025550111,0.25048266
20171025-082709-2.jpg,3,3,0.006750244,0.00015369007,0.00070116441,0.88112686,0.00017411111,0.00027256215,0.0041125264,0.0066256391,0.1000832
20171025-082818-1.jpg,0,0,0.99780291,2.9326918e-05,2.7313031e-06,2.9769568e-06,3.7037292e-06,2.1990844e-05,2.1287238e-07,0.0018537687,0.00028237487
20171025-082829-3.jpg,3,3,0.0001890845,7.3495873e-06,2.7357089e-05,0.99474689,0.00023208774,5.6534256e-06,1.5376396e-05,2.637229e-05,0.0047498258
20171025-083151-3.jpg,7,7,0.00064612431,4.0140701e-05,3.6398662e-05,8.2027158e-05,1.3026236e-05,1.1438484e-05,2.5905974e-05,0.99896874,0.00017619667
20171025-090121-2.jpg,3,3,0.00054142328,9.0110533e-05,0.00017592648,0.9901732,0.007487146,3.0517145e-05,0.00016076392,0.00077542391,0.00056548835
20171025-090316-1.jpg,3,3,0.00011912643,7.0377191e-06,2.8552776e-05,0.99794733,0.0016662405,3.2116841e-06,3.0654955e-05,3.8344407e-05,0.00015949868
20171025-090608-1.jpg,3,3,0.00018978123,2.9426844e-05,0.0012876521,0.99037192,0.0071146481,6.2380663e-05,0.00027689662,9.1890141e-05,0.00057540813
20171025-090643-1.jpg,3,3,8.0713114e-05,9.0168912e-06,2.4866243e-05,0.99954405,0.0002574652,1.6386867e-06,6.3487101e-06,5.2481457e-05,2.3424577e-05
20171025-090747-2.jpg,3,3,4.5960169e-05,1.0103372e-05,1.965504e-05,0.99938879,0.00043056569,5.3778971e-06,1.2397962e-05,1.9157881e-05,6.7987715e-05
20171025-090836-1.jpg,3,3,0.00010757311,6.2135958e-05,1.6475141e-05,0.99890377,0.0003837428,6.093283e-06,0.0002491816,5.8607328e-05,0.00021241747
20171025-090845-3.jpg,3,3,6.5827647e-05,1.1332766e-05,1.1852245e-05,0.99695125,0.0026327708,9.3956166e-06,2.6582935e-05,2.5531027e-05,0.00026545488
20171025-091030-1.jpg,3,3,8.6543375e-05,2.2978056e-05,3.5688311e-05,0.99889341,0.0002279222,4.5012861e-05,0.00035255881,7.4048769e-05,0.00026183647
20171025-091108-2.jpg,3,3,0.00019337423,1.3924142e-05,1.5087647e-05,0.99819187,0.001318324,6.5163952e-06,5.1584755e-06,2.2911498e-05,0.00023283413
20171025-091126-3.jpg,3,3,0.0045789778,0.00038420901,0.00064675011,0.96717508,0.016380154,0.0005899176,8.4351098e-05,0.00045673521,0.0097038285
20171025-091240-2.jpg,3,3,0.00024208737,9.7918171e-06,2.5602111e-05,0.99933091,0.00020921912,1.2961523e-05,1.4713248e-05,1.9750369e-05,0.00013496281
20171025-091328-1.jpg,3,3,5.4843009e-05,1.5578244e-05,2.9056609e-05,0.99854687,0.0010159552,4.9882015e-06,9.7662251e-05,8.1573697e-05,0.00015347563
20171025-091416-1.jpg,3,3,2.3103958e-05,8.6859379e-06,1.7031489e-05,0.99957483,0.00022756582,3.1149807e-06,3.992375e-05,5.2004429e-05,5.3738012e-05
20171025-091430-1.jpg,3,3,0.0018192659,0.015075025,0.00082323094,0.78832353,0.0073160209,5.0994697e-05,0.089962704,0.00070030588,0.095928921
20171025-091641-1.jpg,3,3,6.4354549e-05,1.6161973e-05,9.1476029e-06,0.99959753,6.6325021e-05,3.8824475e-06,2.6785353e-05,2.0158111e-05,0.00019565187
20171025-091659-1.jpg,3,3,5.0668685e-05,8.7907999e-06,3.3697936e-06,0.99926197,3.9436929e-05,2.1637459e-06,9.64013e-06,2.2426049e-05,0.00060153266
20171025-091745-1.jpg,3,3,7.7988389e-05,1.6059479e-05,5.0839035e-06,0.99956832,3.5054321e-05,5.054977e-06,3.2835659e-05,1.2093236e-05,0.00024751031
20171025-092049-3.jpg,3,3,0.0027714264,0.00023371855,0.020737547,0.91547682,0.016224257,0.00027974888,0.00089353745,0.0020604996,0.041322443
20171025-092207-1.jpg,3,3,0.00018059386,1.428313e-05,1.3282068e-05,0.99629877,0.00029217703,4.3141923e-05,0.0004672111,6.7795468e-05,0.0026227442
20171025-092305-3.jpg,3,3,0.030222581,0.00044330979,0.0037633693,0.9012224,0.055917093,0.00050143919,0.00081966674,0.0027085594,0.004401585
20171025-092336-2.jpg,3,3,2.2239752e-05,1.758588e-06,4.1981347e-06,0.99985704,1.0699275e-05,9.8055971e-07,2.9624921e-06,6.2252533e-06,9.3893759e-05
20171025-092349-1.jpg,3,3,6.4875867e-05,8.9905184e-06,6.7361082e-06,0.99921438,0.00011331374,1.8816659e-06,2.7151795e-05,9.7334363e-06,0.00055293546
20171025-092405-2.jpg,3,3,0.00018395248,1.1040939e-05,2.659492e-05,0.99916035,0.0001301555,4.3039582e-06,5.8196994e-05,6.9515473e-05,0.0003558882
20171025-092445-1.jpg,3,3,4.4250911e-05,1.5477425e-05,0.00016438993,0.99522369,0.00042684093,1.6237102e-05,0.00027759285,6.8396408e-05,0.0037631255
20171025-092638-1.jpg,3,3,0.00019203652,5.9301018e-05,3.5883851e-05,0.98357544,0.0028042509,1.9991055e-05,0.00029907535,7.1940609e-05,0.012942082
20171025-092653-3.jpg,7,7,0.0015909706,0.044205604,9.2559907e-05,7.0578093e-05,1.2348661e-05,3.023107e-05,0.0010565765,0.95182581,0.0011153176
20171025-092711-3.jpg,7,7,0.00062415484,4.2088806e-05,5.3206814e-06,0.0014485842,1.1236041e-05,5.943276e-06,8.0918903e-06,0.99755281,0.00030176945
20171025-092759-3.jpg,7,7,0.061916536,5.900425e-05,0.0010459478,0.018420266,0.00011713924,0.0001970436,0.00018146748,0.91268911,0.0053734842
20171025-092802-1.jpg,3,3,8.2227377e-05,2.570193e-06,8.5571084e-05,0.99883671,0.00039517113,2.5223072e-06,2.749096e-05,3.5752741e-05,0.00053197971
20171025-092817-1.jpg,3,3,8.293769e-05,6.9119997e-06,7.3847351e-05,0.99550419,0.00031953524,7.8104853e-06,0.00013159093,4.6024408e-05,0.0038271521
20171025-092835-1.jpg,3,3,0.00022901723,8.137881e-06,3.4016098e-05,0.99812593,0.00011294366,1.0691444e-05,1.8619208e-05,1.9651606e-05,0.0014409883
20171025-092853-2.jpg,3,3,2.8967855e-05,3.1617482e-06,1.9549371e-05,0.99926556,7.7347911e-05,2.4741303e-06,4.893766e-05,1.1694116e-05,0.00054230263
20171025-092934-1.jpg,3,3,2.841382e-05,9.4226431e-06,2.4966028e-05,0.99974175,7.6129778e-05,1.3294109e-05,2.2537242e-05,8.7746456e-06,7.4715503e-05
20171025-093019-2.jpg,3,3,3.5996244e-05,1.477589e-05,3.3971066e-05,0.99847672,4.7441126e-05,1.1862004e-05,0.00029134454,5.1381953e-05,0.0010365119
20171025-093048-2.jpg,3,3,0.00019121475,9.7553015e-05,0.00020116888,0.99215926,0.00041309127,5.2565099e-05,0.0021741885,0.00016563713,0.0045453229
20171025-093155-1.jpg,3,3,0.00012132667,0.00011570405,3.6449905e-05,0.99546974,0.0009347169,7.2613556e-06,0.00063071464,0.00011926736,0.0025648232
20171025-093218-2.jpg,3,3,2.8024801e-05,3.1148089e-06,2.791707e-05,0.99958524,6.1549649e-05,2.0825816e-06,1.590137e-05,1.1110126e-05,0.00026506281
20171025-093452-1.jpg,3,3,4.1567087e-05,4.524797e-06,2.240395e-05,0.99952535,9.909135e-05,1.9097533e-06,1.6428377e-05,1.0409366e-05,0.00027831119
20171025-093514-1.jpg,3,3,6.33175e-05,2.1362545e-06,6.6183106e-05,0.99897729,0.00012487912,8.1601463e-06,5.7302861e-05,3.2889809e-05,0.00066784569
20171025-093549-1.jpg,3,3,0.00015050128,4.3567526e-06,4.320313e-05,0.99871505,0.00051089592,7.1987012e-06,2.4137604e-05,5.2896895e-05,0.00049175815
20171025-093624-1.jpg,3,3,0.00021472536,6.4496212e-05,0.00074658441,0.99277238,0.00070670337,0.00030345842,0.00096312222,0.00039754016,0.0038309852
20171025-093745-2.jpg,3,3,3.4353589e-05,2.2182444e-06,1.0927716e-05,0.99978074,5.6063944e-05,1.2218471e-06,1.4455219e-05,1.0010292e-05,9.0009509e-05
20171025-093959-3.jpg,7,7,0.00088773227,0.0080848839,9.7417759e-05,5.7594271e-05,2.5253446e-05,5.3185805e-05,0.0036432032,0.98701742,0.00013330681
20171025-094114-2.jpg,3,3,6.3133764e-05,3.8872633e-06,1.8871885e-05,0.99956162,0.0001032687,4.8504862e-06,9.3381707e-06,1.0502753e-05,0.00022452433
20171025-094342-2.jpg,3,3,2.6556612e-05,3.3337828e-06,8.1914534e-06,0.99965679,4.9915691e-05,2.4176446e-06,3.7567413e-05,9.0733642e-06,0.0002061497
20171025-094654-1.jpg,3,3,0.00022688335,3.9952215e-06,4.6614099e-05,0.99875364,0.00036166389,4.5549008e-05,1.7396652e-05,5.2333686e-05,0.00049192276
20171025-094805-2.jpg,3,3,2.9633574e-05,5.5538935e-05,5.8539946e-05,0.99926726,0.00016747097,5.1745334e-06,3.8619751e-05,2.3307252e-05,0.00035445324
20171025-094836-1.jpg,3,3,0.0001082026,2.5460619e-05,2.0938122e-05,0.99771697,0.0010171667,8.3330328e-06,6.8498242e-05,6.9299374e-05,0.0009651271
20171025-095017-3.jpg,3,3,0.00012522119,0.00011167786,2.3272468e-05,0.99857558,0.00023464424,1.0257315e-05,5.3934749e-05,4.7210768e-05,0.00081820489
20171025-095149-1.jpg,3,3,9.4562e-05,1.0585833e-05,8.7097783e-06,0.99811963,0.00018802923,5.1881766e-06,2.7509957e-05,2.9039517e-05,0.0015167484
20171025-095238-2.jpg,3,3,8.6265897e-05,1.0577146e-05,5.8902895e-05,0.99808983,0.00031482613,2.4589471e-05,4.1479606e-05,1.7444077e-05,0.0013560819
20171025-095344-1.jpg,3,3,0.00017370488,9.8515779e-05,0.0016013235,0.91204321,0.00056314322,0.00020733234,0.00079339948,0.00010794403,0.084411424
20171025-095541-2.jpg,3,3,4.2538133e-05,2.02027e-06,2.9682021e-05,0.99968537,5.8472729e-05,2.3756547e-06,7.9324828e-06,1.8378023e-05,0.00015323404
20171025-095611-1.jpg,3,3,3.0930011e-05,1.9729158e-06,4.023894e-06,0.99983048,3.7892943e-05,2.3654666e-06,6.3732373e-06,5.3139747e-06,8.0651432e-05
20171025-095632-2.jpg,3,3,0.0007035006,1.0403912e-05,3.9728709e-05,0.98418144,0.00032659271,5.475245e-06,3.1445017e-05,6.4884443e-05,0.014636529
20171025-095638-1.jpg,3,3,3.285557e-05,3.973352e-06,8.1581516e-06,0.99978993,3.8785995e-05,3.2516987e-06,1.1417613e-05,7.6034049e-06,0.00010402565
20171025-095706-3.jpg,3,3,0.015070962,0.00020534628,0.00095624892,0.91770513,0.060743464,9.9272957e-05,4.002425e-05,0.00012942119,0.0050501327
20171025-095741-3.jpg,3,3,0.0038869611,0.00037645726,0.0020649069,0.89990514,0.08464366,6.4569184e-05,2.1041389e-05,0.00016297393,0.0088742853
20171025-095903-3.jpg,3,3,0.00010293166,7.1468728e-06,2.4189114e-05,0.99908755,0.00061038448,6.9874353e-06,1.5384696e-05,4.9615949e-05,9.5810595e-05
20171025-095957-1.jpg,3,3,0.00011101394,8.3463469e-06,5.8537293e-05,0.99952815,5.4132015e-05,1.9395421e-05,2.6335126e-05,1.4218545e-05,0.00017986871
20171025-100012-2.jpg,3,3,7.6727473e-05,4.4374032e-06,1.9057484e-05,0.99941047,0.00010353104,3.2845587e-06,2.0601424e-05,1.0294408e-05,0.00035159573
20171025-100255-2.jpg,3,3,0.00011319556,1.1270572e-05,3.0621886e-05,0.99920165,0.00010207423,5.6974051e-06,1.9114248e-05,1.1378136e-05,0.00050499615
20171025-100327-2.jpg,3,3,0.00012520231,1.2617832e-05,2.8100464e-05,0.99886415,0.00065995922,2.1512816e-06,0.00011022292,3.3894166e-05,0.00016370586
20171025-100346-2.jpg,3,3,5.7481886e-05,1.0432685e-05,2.5444947e-05,0.99940444,0.00024280304,9.5884656e-06,4.4281978e-05,1.9019703e-05,0.00018650316
20171025-100510-2.jpg,3,3,2.7765754e-05,2.030239e-06,8.3169955e-06,0.99976757,0.00010357124,1.0388483e-06,1.2170008e-05,1.7991075e-05,5.9550265e-05
20171025-100715-2.jpg,3,3,2.265027e-05,5.6528324e-06,1.7395064e-05,0.99950891,0.00010665061,1.2177153e-05,2.9313318e-05,8.7574076e-06,0.00028849133
20171025-100822-2.jpg,3,3,0.00017103353,9.3806458e-06,6.9747617e-05,0.99712966,0.0015158014,2.0516495e-05,2.0313133e-05,4.7670515e-05,0.0010158767
20171025-100830-3.jpg,3,3,0.0053470112,0.00020693198,0.01036306,0.94682456,0.033101723,0.00067929114,0.00017582312,0.0015263833,0.0017752136
20171025-100848-3.jpg,3,3,0.0057380167,0.0012103052,0.0075464903,0.77827174,0.18986349,0.0011162137,0.00032387468,0.00042619453,0.015503672
20171025-101138-1.jpg,3,3,0.00011964198,9.3556814e-06,6.0166434e-05,0.9985278,0.00042511131,1.6748929e-05,4.3819606e-05,9.6617458e-06,0.00078769688
20171025-101302-1.jpg,3,3,0.00049029817,1.3422636e-05,6.8777764e-05,0.99781235,0.00072466709,2.3635287e-05,1.4474282e-05,5.5235941e-05,0.00079713625
20171025-172145-3.jpg,3,3,0.0019161739,0.00048914855,0.0014636568,0.96171158,0.0040495619,0.00064319871,0.0010204185,0.00092532767,0.027780932
20171102-092924-3.jpg,4,4,0.00039455989,0.00013260639,0.00080416249,0.0015637302,0.9930113,2.5861991e-05,0.0002330893,7.0541498e-05,0.0037641441
20171102-093205-2.jpg,4,4,0.0071682135,0.0015182409,0.0025894366,0.026873811,0.85065618,0.00066607127,0.00071098587,0.001514086,0.10830297
20171102-093305-1.jpg,4,4,0.0041772376,0.0017120289,0.001122502,0.026424134,0.87703314,0.0006056613,0.00019846884,0.0002712902,0.088455539
20171102-093326-1.jpg,4,4,0.0018741129,0.0023658553,0.0006472488,0.0010954751,0.92761502,0.00049467357,0.0002367089,0.00022709673,0.06544381
20171102-093339-2.jpg,4,3,0.015575242,0.0010623892,0.0027643392,0.41318549,0.36213879,6.5034026e-05,0.00025039004,0.0080286264,0.19692971
20171102-093342-3.jpg,4,4,0.010121514,0.010383488,0.013062022,0.075690688,0.79715221,0.00046324931,0.00054370243,0.0022130834,0.09037004
20171102-093459-1.jpg,4,2,7.2497817e-05,9.8063352e-05,0.97974841,0.0017122199,0.017610911,9.5464769e-06,3.6979148e-05,5.2791632e-05,0.00065858334
20171102-093629-3.jpg,4,2,0.0011328169,0.00081346373,0.66766078,9.1575608e-05,0.24692474,0.00011625482,0.00012419497,8.2934449e-05,0.08305324
20171102-093936-1.jpg,4,4,0.0045272302,0.002463934,0.00077545053,0.0075936062,0.90267016,0.00024299218,9.5020535e-05,0.00038860371,0.081243005
20171102-094000-1.jpg,4,4,0.0021264345,0.013777152,0.012851226,0.024796987,0.90041657,0.00036399384,0.00055193594,0.00022914528,0.044886555
20171102-094653-2.jpg,4,4,4.9216739e-05,2.5563069e-05,0.00013170961,0.0013639284,0.99099135,6.1750961e-06,8.5327999e-06,1.1289132e-05,0.0074122398
20171102-094714-3.jpg,4,8,0.0001992137,0.0017655078,0.0002109889,0.00021173275,0.002700348,5.4649948e-06,0.00050141478,0.00015791838,0.99424741
20171102-095154-1.jpg,4,4,0.0002635944,4.2816554e-05,0.00014217446,0.0222211,0.97434356,3.8664734e-05,5.674018e-05,8.0689753e-05,0.0028106622
20171102-095239-1.jpg,4,4,0.00063319253,0.00057887384,0.002778025,0.0010374369,0.98916064,0.00031736311,6.4262737e-05,0.00015371465,0.0052764889
20171102-095632-3.jpg,4,0,0.50545798,0.00021942568,0.0054741132,0.003218872,0.0040517696,3.4916564e-05,0.00011125596,0.0178649,0.46356677
20171102-095706-3.jpg,4,4,0.006800652,0.00026025126,0.0033846157,0.0005595928,0.73437533,4.5344559e-05,0.00051886627,0.0022835846,0.25177176
20171102-095843-1.jpg,4,2,4.3509356e-05,2.9465077e-05,0.99286542,6.1159219e-06,0.0064996225,4.6193355e-06,3.0392706e-05,7.9622615e-06,0.00051289567
20171102-100049-1.jpg,4,4,0.0004957402,0.00062414745,0.0019678161,0.040470174,0.95137691,5.9572455e-05,0.00010715291,0.00010404434,0.0047944472
20171102-100226-1.jpg,4,4,0.0028782239,0.00020657719,0.0048034663,0.0034142053,0.97322038,0.00042384361,0.0026863664,0.0015915844,0.010775356
20171102-100310-2.jpg,4,4,0.019314829,0.010372418,0.0038931833,0.13671625,0.45597998,0.0023818528,0.0037074743,0.0026340335,0.36499999
20171102-100322-1.jpg,8,3,0.050532643,0.091643015,0.21621948,0.43632973,0.099983824,0.00098671423,0.0020564116,0.035828422,0.066419757
20171102-100343-2.jpg,8,4,0.016271276,0.0036820416,0.0050715871,0.009304545,0.88900613,0.00017192263,7.5140695e-05,0.00057069671,0.075846658
20171102-100725-2.jpg,4,4,0.001260087,0.0010311237,0.0091458457,0.0056305205,0.95299291,3.391561e-05,9.0445938e-05,5.862079e-05,0.029756535
20171102-102254-1.jpg,2,2,1.0257797e-05,3.0018931e-05,0.99934968,0.00015393759,0.00036199113,3.0458847e-05,1.6019032e-05,7.9204038e-06,3.9720366e-05
20171102-102316-1.jpg,2,2,6.744994e-06,1.5204114e-05,0.99978087,1.9724499e-05,8.6648479e-05,7.7169364e-06,4.6957681e-05,8.5057085e-06,2.7630352e-05
20171102-102521-2.jpg,2,2,1.2758009e-05,3.0669187e-05,0.99986569,8.1879698e-06,1.1049714e-05,3.6659247e-05,5.0231178e-06,6.1949502e-06,2.3764881e-05
20171102-102657-3.jpg,2,2,1.1518239e-06,7.2798919e-06,0.99993773,1.2413558e-06,3.1643268e-06,9.6910361e-07,5.5090157e-06,1.6026992e-06,4.1352167e-05
20171102-102854-1.jpg,2,2,1.7078702e-06,5.1048331e-06,0.99988409,2.6293071e-06,4.4033664e-05,6.653105e-06,2.7704799e-05,4.9073771e-06,2.3168004e-05
20171102-103146-2.jpg,2,2,0.041382234,0.00021746819,0.80431715,0.0035079261,0.088732249,0.00026978953,0.00012890574,0.00078830878,0.060655971
20171102-103606-1.jpg,2,2,1.0345232e-05,2.5440483e-05,0.99984922,7.4755397e-06,5.2000477e-05,4.4651371e-06,2.268539e-05,5.8038486e-06,2.2560354e-05
20171102-103617-3.jpg,2,2,0.00040036158,0.0004899613,0.95009717,2.4601937e-05,0.044277263,0.00035560872,0.00051174104,0.0001873704,0.0036559272
20171102-103940-2.jpg,2,2,3.4501696e-05,0.00012502869,0.99868118,2.9562067e-05,0.00028572288,8.2585075e-05,0.00010082145,3.3117979e-05,0.00062747562
20171102-104458-1.jpg,2,2,7.1943358e-06,1.3043849e-05,0.9975123,1.3556972e-05,0.0016313422,1.158548e-05,0.00013520621,1.6508898e-05,0.00065926446
20171102-105632-2.jpg,2,2,2.5576102e-06,1.2217883e-05,0.99994916,2.498075e-06,5.6816429e-06,2.0144837e-06,1.2521543e-05,2.8767042e-06,1.0467259e-05
20171102-115100-1.jpg,2,2,1.9354395e-06,1.4426876e-05,0.99992877,1.216597e-06,1.5754333e-05,3.7107897e-06,1.4593088e-05,3.5874208e-06,1.6007795e-05
20171102-115311-2.jpg,2,2,2.632712e-06,3.0792653e-06,0.99963715,1.8805934e-05,0.00029824401,1.5711191e-05,6.2623515e-06,3.1599135e-06,1.4954471e-05
20171102-115337-2.jpg,2,2,4.1255827e-05,2.855687e-05,0.99961574,2.9782513e-05,0.00012900168,0.00010010333,1.1874904e-05,2.0582917e-05,2.3097157e-05
20171102-115409-1.jpg,2,2,2.783452e-06,1.6342765e-05,0.99985811,1.9976849e-06,1.0303289e-05,7.0503073e-05,4.7157877e-06,2.2732069e-06,3.2975333e-05
20171102-115445-3.jpg,2,2,6.7278239e-06,1.1032858e-05,0.99974353,1.1022453e-05,4.5564754e-05,0.0001559121,1.0263881e-05,3.2498799e-06,1.2698319e-05
20171102-115453-2.jpg,2,2,1.2935683e-05,5.8480992e-05,0.99976649,4.8730203e-06,5.1458736e-05,5.3309785e-05,1.7050466e-05,5.1922834e-06,3.020601e-05
20171102-115533-3.jpg,2,2,3.4890838e-06,2.6689486e-06,0.99995254,8.2222073e-07,8.5075397e-06,1.4325606e-05,5.4162228e-06,2.3626901e-06,9.8648825e-06
20171102-115622-3.jpg,2,2,8.293894e-06,4.5570025e-05,0.99910205,2.147715e-05,2.6519856e-05,0.0006606982,4.5779017e-05,1.3739598e-05,7.5868703e-05
20171102-115748-1.jpg,2,2,1.9114534e-06,9.7103442e-06,0.99995064,1.8205072e-06,4.7663722e-06,4.6235041e-06,1.4647542e-05,4.4701055e-06,7.4131731e-06
20171102-115830-3.jpg,2,2,2.9955442e-05,4.9017346e-05,0.9995641,2.5393879e-05,2.199015e-05,5.9086498e-05,9.1377431e-06,1.6882887e-05,0.00022443991
20171102-115918-3.jpg,2,2,1.3852894e-05,1.1267211e-05,0.99952739,1.8370011e-05,0.00012789858,1.3358555e-05,0.00010949024,3.3758433e-05,0.00014461076
20171102-115938-3.jpg,2,2,2.9538371e-06,2.2119443e-05,0.99990789,2.4566753e-06,9.9283662e-06,2.4519786e-05,1.412074e-05,3.6705651e-06,1.233638e-05
20171102-120152-1.jpg,2,2,4.8878882e-06,2.1082403e-05,0.99988081,3.0620837e-06,9.9020715e-06,4.8700035e-06,2.0617741e-05,8.6352496e-06,4.6132209e-05
20171102-120302-3.jpg,2,2,1.5113688e-06,1.0148887e-05,0.99995265,1.7462126e-06,3.8484279e-06,1.4647727e-05,4.2344499e-06,1.9893362e-06,9.2275273e-06
20171102-120320-2.jpg,2,2,0.00016269772,3.1263558e-05,0.99913533,3.8924962e-05,0.00041650806,3.5126473e-05,2.6061399e-05,1.833507e-05,0.000135751
20171102-120336-2.jpg,2,2,1.8749062e-05,2.3474845e-05,0.99965797,9.4315195e-05,8.7509729e-05,2.9396779e-05,1.2624112e-05,2.2415197e-05,5.3540197e-05
20171102-120404-1.jpg,2,2,1.490098e-06,6.1764891e-06,0.99996229,2.0888938e-06,5.3036685e-06,5.856397e-06,1.5804484e-06,2.8245055e-06,1.23846e-05
20171102-120725-1.jpg,2,2,6.9718538e-05,0.00011512277,0.99887389,9.3307913e-06,8.6274238e-05,9.6070027e-05,4.0709932e-05,7.283534e-05,0.00063605195
20171102-120830-1.jpg,2,2,5.1498894e-06,7.1218499e-06,0.99992804,1.5415659e-06,1.0628136e-05,1.1453954e-05,9.4200869e-06,4.5559298e-06,2.2087928e-05
20171102-120950-3.jpg,2,2,5.9985622e-06,1.1374596e-05,0.99984182,1.1370242e-05,2.332899e-05,1.5094596e-05,1.5176849e-05,1.5589291e-05,6.0246918e-05
20171102-121052-3.jpg,2,2,6.7205366e-06,1.6556276e-05,0.99979702,6.1645296e-06,6.523498e-06,1.5222612e-05,1.3607974e-05,3.8303932e-06,0.00013435197
20171102-121121-1.jpg,2,2,2.5780613e-06,1.2656209e-05,0.9999408,2.9127127e-06,5.7854362e-06,6.5616557e-06,3.2082953e-06,5.1069073e-06,2.0391342e-05
20171102-121129-3.jpg,2,2,6.0020193e-06,1.1054562e-05,0.99976973,6.3044875e-06,2.9146455e-05,2.2676121e-05,3.3773173e-05,6.3146688e-06,0.00011499911
20171102-121141-1.jpg,2,2,3.0057219e-06,6.6680363e-06,0.99996933,1.1594182e-06,7.2662425e-06,2.8203805e-06,1.7968297e-06,2.5206085e-06,5.4317661e-06
20171102-121309-3.jpg,2,2,1.1829288e-05,5.4702453e-06,0.99981429,7.0212802e-06,9.7916859e-06,2.3428521e-05,7.1068146e-06,6.9752826e-06,0.0001140894
20171102-121401-2.jpg,2,2,7.3489208e-06,1.3352973e-05,0.99964587,2.1514252e-05,0.00020089665,1.0356884e-05,2.5716809e-05,6.6742824e-06,6.8272305e-05
20171102-121434-2.jpg,2,2,2.3452855e-05,5.9134092e-06,0.99972879,3.5914216e-06,0.00012998195,9.2036187e-06,4.217356e-06,3.7576008e-06,9.1092544e-05
20171102-121548-2.jpg,2,2,0.0017980534,0.00010726781,0.9934053,7.4921377e-05,0.00046225155,1.6772668e-05,3.906058e-05,0.00021909151,0.0038772799
20171102-121702-2.jpg,2,2,1.5090844e-05,4.4638942e-05,0.99967669,1.1185926e-05,7.5999685e-05,1.6922252e-05,5.7043287e-05,1.1992266e-05,9.0440097e-05
20171102-121759-3.jpg,2,2,1.9639561e-06,4.7497162e-06,0.99992965,2.5559315e-06,5.1136702e-06,9.9257953e-06,8.1792449e-06,3.5943201e-06,3.4269234e-05
20171102-122003-2.jpg,2,2,4.1846666e-06,1.0654911e-05,0.99991415,1.2259722e-06,8.7106737e-06,7.5171129e-06,1.8610143e-05,5.7065988e-06,2.9237005e-05
20171102-122133-2.jpg,2,2,5.9263926e-06,1.5564083e-05,0.99988704,2.5796153e-06,1.9349857e-05,2.8144532e-05,1.9685175e-05,4.3390928e-06,1.7369144e-05
20171102-122300-2.jpg,2,2,6.1107337e-06,1.6041316e-05,0.99988176,1.8004946e-06,1.1726666e-05,1.6740014e-05,2.6761831e-05,9.8187044e-06,2.9241581e-05
20171102-122443-1.jpg,2,2,3.4654382e-05,1.5872172e-05,0.99969914,2.4571432e-05,0.00016010547,1.3687224e-05,1.1804674e-05,1.4036103e-05,2.6128315e-05
20171102-122541-2.jpg,2,2,2.9304733e-06,1.309142e-05,0.99991065,7.4031636e-07,1.0916942e-05,4.2504837e-06,1.5459438e-05,2.4428822e-06,3.9518156e-05
20171102-122633-3.jpg,2,2,9.0275983e-06,1.1821624e-05,0.99810249,3.3945139e-05,6.6286445e-05,6.9874314e-05,5.1390923e-05,1.648917e-05,0.0016386793
20171102-122709-2.jpg,2,2,2.5878618e-06,9.0612297e-06,0.99992135,1.3773133e-06,9.0252416e-06,9.0842885e-06,1.9260691e-05,4.0813865e-06,2.4170517e-05
20171102-122750-1.jpg,2,2,1.201901e-05,5.463e-05,0.9997083,6.685558e-06,0.00011432305,3.931333e-05,2.2580865e-05,6.8364006e-06,3.5307422e-05
20171102-122804-2.jpg,2,2,1.2333354e-05,1.5989534e-05,0.99981974,1.7527699e-05,2.6805985e-05,4.0706819e-05,1.5045108e-05,1.2707765e-05,3.9140661e-05
20171102-122825-1.jpg,2,2,0.00021310915,5.3465128e-05,0.99915629,4.3222176e-05,0.00025465124,3.9359152e-05,1.8655962e-05,4.4490807e-05,0.00017675874
20171102-122830-2.jpg,2,2,3.9885256e-05,7.4168017e-05,0.9944739,4.0371905e-05,0.00043951551,4.5835652e-05,0.00018688561,0.00010459372,0.0045948418
20171102-122851-3.jpg,2,2,9.1886202e-05,8.9170503e-05,0.99807422,0.00026877866,1.8608444e-05,0.00028835131,2.2403041e-05,3.5215607e-05,0.0011113633
20171102-122909-1.jpg,2,2,5.0782554e-06,2.0746567e-05,0.99988048,1.8022965e-06,4.3910715e-05,6.751254e-06,1.4839633e-05,4.8974834e-06,2.1490435e-05
20171102-123002-2.jpg,2,0,0.96449091,0.0026977908,0.0050983732,0.00020656073,0.0057498829,0.0086956901,0.00035792333,0.0036319837,0.0090708804
20171102-123036-3.jpg,2,2,3.323527e-06,6.2822474e-06,0.99993165,4.5514558e-06,1.4913833e-05,3.0360677e-06,3.0433287e-06,2.7565964e-06,3.0441308e-05
20171102-123107-2.jpg,2,2,8.3044608e-06,6.0722318e-06,0.99992762,1.3586212e-05,2.5788977e-05,4.3751616e-06,4.8467488e-06,3.4417746e-06,5.9693144e-06
20171102-123125-1.jpg,2,2,4.5855242e-05,4.2176221e-05,0.99968475,6.6324296e-05,3.5797124e-05,6.4028111e-05,1.9000075e-05,1.4038451e-05,2.8031624e-05
20171102-123156-1.jpg,2,2,1.9705845e-06,4.096215e-06,0.99997186,2.4803614e-06,1.0510047e-05,2.9915221e-06,1.5757933e-06,1.4084325e-06,3.1054444e-06
20171102-123211-2.jpg,2,2,5.0121557e-06,8.1649172e-06,0.99992925,5.7893792e-06,2.1890973e-05,6.4690224e-06,3.787909e-06,2.279181e-06,1.7356462e-05
20171102-123238-1.jpg,2,2,7.863711e-05,6.5841436e-05,0.99952758,7.9422924e-05,0.00010062011,5.6990419e-05,2.1785304e-05,3.226201e-05,3.6856391e-05
20171102-123253-1.jpg,2,2,7.5189914e-06,1.8737326e-05,0.99987852,3.3036558e-05,3.1338753e-05,1.4530208e-05,7.3692744e-06,3.5926344e-06,5.3583247e-06
20171102-123303-2.jpg,2,2,1.9695953e-06,8.2833518e-06,0.99994108,3.2517859e-06,1.0527753e-05,4.0367402e-06,4.7597276e-06,2.3617118e-06,2.3734216e-05
20171102-123338-2.jpg,2,2,2.642735e-06,1.7276824e-05,0.99992484,2.4074662e-06,2.3401476e-05,9.0456483e-06,3.4699275e-06,1.890394e-06,1.5022844e-05
20171102-123402-1.jpg,2,2,1.2848921e-05,1.557267e-05,0.99822408,1.8031988e-05,2.1838363e-05,1.3592978e-05,1.0609968e-05,1.5891433e-05,0.0016675293
20171102-123451-3.jpg,2,2,7.9575136e-05,0.00010012107,0.99840808,0.00036674612,0.00020309071,8.466911e-05,4.9171054e-05,5.3742559e-05,0.00065480701
20171102-123516-3.jpg,2,2,2.7997953e-05,1.135681e-05,0.99960559,0.00011548192,3.7209556e-05,1.1468697e-05,1.0864044e-05,1.4546812e-05,0.00016548148
20171102-123523-1.jpg,2,2,3.0269197e-06,4.4461641e-06,0.99993715,3.3362036e-06,4.1297169e-06,7.2894782e-06,3.5267347e-06,2.7419596e-06,3.4354353e-05
20171108-124115-3.jpg,5,5,0.00059134482,0.0005916045,4.7288367e-05,0.00012420581,1.6877568e-05,0.97652222,0.00058937266,0.0010974082,0.020419674
20171108-124937-3.jpg,5,5,3.3249682e-05,2.3222093e-05,1.3126472e-05,6.2474656e-05,1.1959131e-05,0.99954986,9.3899755e-05,1.681193e-05,0.00019539314
20171108-125451-3.jpg,5,5,2.7857984e-05,2.9310363e-05,1.8432026e-05,9.4917487e-05,9.0190299e-06,0.99936764,0.00032384374,1.8201672e-05,0.0001107755
20171108-125657-3.jpg,5,5,0.00058586551,0.00015141896,0.00026972263,0.00019762422,8.0654294e-05,0.99375229,0.0009189014,0.00025310679,0.0037904197
20171108-130147-3.jpg,5,8,0.0020136559,0.0012031225,0.00024930575,0.0010544729,0.00031935695,0.10827441,0.0019367612,0.0011750856,0.88377383
20171108-130308-3.jpg,5,5,4.9135902e-05,1.0070871e-05,1.9486897e-05,2.2760245e-05,8.2090201e-06,0.99979769,2.0847369e-05,3.3220738e-05,3.8579971e-05
20171108-130728-3.jpg,5,5,7.0483253e-05,1.6619895e-05,2.6592326e-05,7.9995175e-05,4.0080387e-05,0.99967012,5.7428114e-05,2.6157109e-05,1.2527169e-05
20171109-071008-3.jpg,5,5,8.2000899e-05,2.7278887e-05,1.4431435e-05,9.791986e-05,2.3768501e-05,0.99925282,0.00024523046,2.7128713e-05,0.00022941814
20171109-071031-1.jpg,5,5,5.4034498e-05,3.4672254e-05,4.9562945e-06,9.1868812e-06,4.0724611e-06,0.99956443,2.2620016e-05,1.1404142e-05,0.00029461893
20171109-071111-1.jpg,5,5,2.3996635e-05,1.3486043e-05,1.2920391e-05,1.6618399e-05,1.349349e-05,0.99980562,5.3400219e-05,1.9365924e-05,4.1096684e-05
20171109-071352-1.jpg,5,5,3.2173504e-05,2.1932555e-05,3.3434822e-05,3.5974743e-05,1.5118105e-05,0.99935407,0.00030469189,1.9173016e-05,0.00018342856
20171109-071422-3.jpg,5,5,0.0005474341,0.001689357,0.00015629999,0.00030378111,0.00015309459,0.97582033,0.013629047,0.00072829062,0.0069723605
20171109-071437-1.jpg,5,5,0.0019277733,0.0027243949,3.2330834e-05,2.7791011e-05,1.0372889e-05,0.99390588,5.8193171e-05,0.00011805785,0.0011952017
20171109-071525-3.jpg,5,5,5.2277162e-05,1.5085581e-05,1.9050811e-05,4.9719574e-05,2.3676922e-05,0.99968122,0.00010811474,2.7717247e-05,2.3135542e-05
20171109-071722-1.jpg,5,5,7.1036207e-05,2.8776833e-05,1.02076e-05,2.9171744e-05,1.2253793e-05,0.9991761,0.00014584923,3.5638058e-05,0.00049096157
20171109-071918-3.jpg,5,5,0.00016444893,9.6122495e-05,2.363192e-05,5.2449573e-05,2.2496182e-05,0.9988314,0.0002206996,8.9024191e-05,0.00049972588
20171109-071938-3.jpg,5,5,2.5112805e-05,6.7030965e-06,8.3862915e-06,3.8268063e-05,6.8800751e-06,0.99983789,5.6511346e-05,1.0243118e-05,1.0008091e-05
20171109-072120-3.jpg,5,5,0.00029605312,0.00011936933,2.3830384e-05,0.00030907754,3.4420061e-05,0.95057289,0.00048238992,7.4009399e-05,0.048087956
20171109-072202-1.jpg,5,5,4.2415104e-05,1.7042282e-05,1.6667367e-05,1.6589391e-05,1.4903364e-05,0.99974595,3.8529534e-05,2.6173258e-05,8.173326e-05
20171109-072302-3.jpg,5,5,8.3082941e-05,1.8845764e-05,9.7246416e-06,0.0001048237,1.0540884e-05,0.99964698,4.7051852e-05,1.0390131e-05,6.855755e-05
20171109-072524-1.jpg,5,5,0.00024190743,3.4055874e-05,5.7123912e-05,6.6153325e-05,4.2533621e-05,0.99912681,0.000124896,9.3069394e-05,0.00021344972
20171109-072633-3.jpg,5,5,5.0987895e-05,1.7015259e-05,1.7553246e-05,8.3866806e-05,1.0473717e-05,0.99968852,4.3440399e-05,1.947272e-05,6.8671484e-05
20171109-072843-3.jpg,5,5,0.00018531036,7.918006e-05,1.0830421e-05,7.1510177e-05,1.3200207e-05,0.99849537,0.00026138573,5.0375185e-05,0.00083284194
20171109-073102-3.jpg,5,5,0.00023600936,0.00038482157,5.2457316e-05,0.00041339398,3.9822622e-05,0.93677162,0.004283176,0.00017497971,0.057643722
20171109-073214-3.jpg,5,5,0.00032911455,0.001009331,5.1132433e-05,0.00024466824,5.2013676e-05,0.98679143,0.0017102568,0.00037033223,0.0094417238
20171109-073346-3.jpg,5,5,0.00012437275,0.00014841715,4.4728813e-05,0.00010701176,5.7900155e-05,0.99242627,0.00080885328,6.5083406e-05,0.0062173587
20171109-073510-1.jpg,5,5,9.6412445e-06,3.6395793e-05,3.9183384e-06,7.8727704e-06,2.9408804e-06,0.9998141,7.7613107e-05,1.3922489e-05,3.3592251e-05
20171109-073626-1.jpg,5,5,5.4497876e-06,1.0283666e-05,2.6396073e-06,6.0039316e-06,2.3735722e-06,0.99988621,1.4893058e-05,7.2692494e-06,6.4876561e-05
20171109-073645-1.jpg,5,5,3.6391998e-06,8.7129878e-06,2.9535645e-06,4.9569407e-06,3.1554116e-06,0.99994302,2.1613869e-05,4.1692144e-06,7.7759115e-06
20171109-073837-1.jpg,5,5,1.330493e-05,2.1248673e-05,7.2932524e-06,4.4567629e-06,5.4865826e-06,0.99986838,2.3783699e-05,1.3337669e-05,4.2704774e-05
20171109-073850-1.jpg,5,5,6.817593e-05,8.6931365e-05,1.841704e-05,3.6598986e-05,2.0602172e-05,0.9877959,0.00029215997,6.9776254e-05,0.011611437
20171109-074018-1.jpg,5,5,7.4849642e-05,1.6225409e-05,1.3068506e-05,5.4648447e-05,1.2900561e-05,0.99902151,9.0879629e-05,0.00020208335,0.00051383442
20171109-074032-1.jpg,5,5,7.1693724e-05,2.7183766e-05,1.9440565e-05,3.2119368e-05,7.2329961e-06,0.99895542,0.00010580285,4.1860398e-05,0.00073924189
20171109-074113-3.jpg,5,5,5.8453531e-05,8.6131475e-06,7.7207829e-06,1.8090729e-05,6.4591615e-06,0.99976087,2.9102818e-05,5.2521534e-05,5.8172657e-05
20171109-074128-1.jpg,5,5,5.1869818e-05,2.0031051e-05,2.5054711e-05,4.1516818e-05,2.2766509e-05,0.99891043,0.00041782472,5.342472e-05,0.00045708098
20171109-074141-3.jpg,5,5,0.00037274214,8.4063367e-05,3.2265242e-05,0.00016503422,5.5090159e-05,0.99863201,0.00031462433,0.00021097057,0.00013320021
20171109-074145-1.jpg,5,5,0.0002239689,3.2088941e-05,6.0621335e-05,6.2472741e-05,3.3094421e-05,0.99842487,0.00032244374,0.0001333376,0.00070710481
20171109-074227-3.jpg,5,5,1.5250693e-05,1.2754994e-05,1.6088063e-06,8.6375273e-06,1.1072528e-06,0.99964786,0.00026177546,6.4896028e-06,4.452055e-05
20171109-074242-1.jpg,5,5,6.8702969e-05,2.1641355e-05,1.3706857e-05,5.4518338e-05,1.4794824e-05,0.99959508,0.00013510147,3.6940512e-05,5.9515503e-05
20171109-074327-1.jpg,5,5,0.00073755985,0.00012818857,7.2496961e-05,0.00031448283,0.00013721744,0.98625873,0.010218272,0.00074358057,0.001389477
20171109-074344-3.jpg,5,5,0.00012807732,0.00014230258,2.9248999e-06,4.3752575e-05,2.1170262e-06,0.99721453,0.0004606062,2.458048e-05,0.0019811061
20171109-074418-1.jpg,5,5,0.00018531371,5.2787023e-05,2.7704369e-05,9.0590029e-05,2.2729695e-05,0.99715533,0.0013781321,0.00039020436,0.00069720625
20171109-074508-3.jpg,5,5,1.5997344e-05,4.278138e-06,3.7174096e-06,3.2840799e-05,3.1382483e-06,0.9998981,1.4865521e-05,1.0122543e-05,1.6935425e-05
20171109-074748-1.jpg,5,5,5.4138216e-05,3.8945548e-05,1.1227935e-05,2.3098467e-05,8.0827059e-06,0.99816965,0.00015235492,3.1961477e-05,0.0015105438
20171109-074847-1.jpg,5,5,5.3429314e-05,2.4614094e-05,1.4077518e-05,4.3020924e-05,5.1817073e-06,0.9994588,2.5889797e-05,1.391358e-05,0.00036107302
20171109-074907-1.jpg,5,5,0.00010652687,1.9869659e-05,1.4836879e-05,0.00015872235,2.2730373e-05,0.99940193,0.00012353571,3.0541035e-05,0.00012130984
20171109-075129-3.jpg,5,5,7.7880804e-06,4.916994e-06,5.8583412e-06,1.0264405e-05,6.1482429e-06,0.9999438,1.601822e-05,2.9010487e-06,2.3035855e-06
20171109-084909-3.jpg,5,5,3.072785e-05,1.3704375e-05,1.0726969e-05,4.5477428e-05,7.1051861e-06,0.99968195,0.00015742267,1.2566186e-05,4.0323602e-05
20171109-085426-2.jpg,5,5,9.824462e-05,0.00011180432,3.9272507e-06,6.6085957e-05,4.5562304e-06,0.99726656,3.2967707e-05,2.215886e-05,0.0023936906
20171109-085448-2.jpg,5,8,0.00071866104,0.13898887,2.5187907e-05,0.00017128197,9.43383e-05,0.016329188,0.0045053004,0.00019007423,0.8389771
20171109-085510-2.jpg,5,5,7.6950856e-06,1.8104584e-05,1.070801e-06,1.8101392e-05,1.3859429e-06,0.99967118,2.5175414e-05,4.6990971e-06,0.00025258556
20171109-090052-3.jpg,5,5,8.739335e-06,2.5745381e-06,1.2194334e-06,1.006092e-05,1.2235268e-06,0.99991781,4.4175487e-05,3.2229959e-06,1.0968852e-05
20171109-090125-3.jpg,5,5,4.5772722e-06,2.0628989e-06,8.4429797e-07,1.1525509e-05,1.1585131e-06,0.99990981,5.8838781e-05,3.5701565e-06,7.6148838e-06
20171109-090219-3.jpg,5,5,3.190987e-06,2.1580043e-06,1.6360398e-06,3.5948302e-06,1.5551588e-06,0.99996153,1.5861339e-05,8.1739309e-07,9.6551749e-06
20171109-090236-1.jpg,5,5,3.1682945e-05,8.2467398e-05,1.0205267e-05,1.7274057e-05,3.928922e-06,0.99899152,5.2569179e-05,1.9737378e-05,0.0007906127
20171109-090246-3.jpg,5,5,6.5918373e-06,5.8052615e-06,3.2622719e-06,1.4850751e-05,3.365304e-06,0.99989759,5.9760488e-05,3.4312561e-06,5.3417929e-06
20171109-090301-3.jpg,5,5,6.0148041e-06,6.0561188e-06,6.1651154e-07,4.6899082e-06,5.3682746e-07,0.99991114,1.6467123e-05,4.4488324e-06,5.0033354e-05
20171109-090324-3.jpg,5,5,8.5447745e-06,8.4929847e-06,1.761889e-06,7.1279871e-06,2.3043502e-06,0.9999485,1.7487926e-05,2.9905451e-06,2.7889072e-06
20171109-090325-2.jpg,5,5,9.3333443e-06,9.5405757e-06,1.9884612e-06,1.3959019e-05,3.5757493e-06,0.99992276,2.0178558e-05,4.981519e-06,1.3685387e-05
20171109-090406-2.jpg,5,5,8.8386571e-06,1.600961e-05,9.4319583e-07,1.3554038e-05,1.437311e-06,0.99980887,0.000123842,6.9472276e-06,1.9558706e-05
20171109-090439-2.jpg,5,5,9.3462958e-05,4.5779779e-05,8.6369185e-06,6.4606121e-05,1.2548092e-05,0.99890736,0.0007609035,6.8579404e-05,3.8127093e-05
20171109-090520-3.jpg,5,5,9.0098271e-06,2.4075817e-06,3.5764138e-06,1.2387266e-05,3.3869695e-06,0.99994288,1.8228124e-05,3.5434227e-06,4.578972e-06
20171109-090611-1.jpg,5,5,2.4632361e-05,5.8840355e-05,3.0153493e-06,8.8778188e-05,5.3115503e-06,0.99887765,2.68043e-05,8.7240457e-05,0.00082772512
20171109-090615-2.jpg,5,5,7.7877007e-06,5.1183548e-06,2.2867374e-06,7.584199e-06,4.0506734e-06,0.99991489,4.9203399e-05,5.2501384e-06,3.8315855e-06
20171109-090659-1.jpg,5,5,1.0939622e-05,3.3183219e-06,6.8791717e-07,5.8409798e-06,1.1929154e-06,0.99994395,1.6714957e-05,6.7815328e-07,1.6682082e-05
20171109-090726-3.jpg,5,5,8.4204297e-06,3.8599375e-06,1.2013649e-06,5.8401419e-06,6.4145163e-07,0.99985378,3.3244844e-05,5.5023059e-06,8.7508916e-05
20171109-090738-2.jpg,5,5,8.4333133e-06,5.1710981e-05,2.1109664e-06,9.5166309e-06,3.0733528e-06,0.99974343,0.00012860706,5.3886977e-06,4.7730325e-05
20171109-090748-2.jpg,5,5,1.3595428e-05,1.0764326e-05,2.3427259e-06,9.308683e-06,6.9583648e-06,0.99991282,3.0879247e-05,5.9260749e-06,7.4053318e-06
20171109-090843-3.jpg,5,5,1.3260079e-05,1.0142676e-05,1.7700627e-06,2.5085948e-05,2.8516055e-06,0.99979432,0.00010286934,1.7101297e-06,4.7989844e-05
20171109-090954-1.jpg,5,5,6.3287675e-06,7.0894383e-06,1.196381e-06,1.5538679e-05,2.8448786e-06,0.99989421,2.4272382e-05,6.0225421e-06,4.2501351e-05
20171109-091025-3.jpg,5,5,1.4760575e-05,1.12241e-05,3.7805109e-06,1.240516e-05,4.0232728e-06,0.99981509,8.1790803e-05,2.4455093e-06,5.4480137e-05
20171109-091053-1.jpg,5,5,1.794996e-06,9.8572126e-06,4.2969384e-07,3.1345403e-06,5.2515658e-07,0.99996051,8.8755448e-06,8.4900622e-07,1.4028568e-05
20171109-091124-2.jpg,5,5,4.2029337e-05,3.1876446e-05,4.4711934e-06,3.897308e-05,1.0904487e-05,0.99969193,0.00011011704,1.1105875e-05,5.8589703e-05
20171109-091143-2.jpg,5,5,0.00064589979,0.00058907595,5.4233573e-05,0.00045646786,6.7257864e-05,0.97941672,0.013771895,0.00038821743,0.0046102302
20171109-091219-3.jpg,5,5,5.5098502e-05,5.9923129e-05,9.7676091e-06,0.00016189465,6.398074e-06,0.96806476,0.00065793799,2.9198805e-05,0.03095502
20171109-091445-1.jpg,5,5,6.0741683e-06,2.2083919e-05,1.4077293e-06,5.3216267e-06,1.622037e-06,0.99936036,0.00038453276,6.2046597e-06,0.00021239465
20171109-091605-3.jpg,5,5,4.0078406e-06,1.2860619e-06,1.3489198e-06,3.6602817e-06,1.3127598e-06,0.99998157,3.7617134e-06,8.133114e-07,2.2380721e-06
20171109-091615-1.jpg,5,5,1.1802854e-05,6.6900024e-06,2.6251075e-06,1.5443302e-05,2.1988178e-06,0.99990611,1.1898348e-05,3.2234315e-06,4.0004862e-05
20171109-091743-3.jpg,5,5,1.1653151e-05,3.9733026e-06,4.2914298e-06,6.1355254e-06,3.4967677e-06,0.99993556,9.8366688e-06,3.6787918e-06,2.1370252e-05
20171109-091828-2.jpg,5,5,8.7740136e-06,4.7209147e-05,2.530478e-06,5.0225333e-06,1.6036354e-06,0.99985578,6.0045987e-05,1.0277939e-05,8.7596906e-06
20171109-091913-2.jpg,5,5,4.7073927e-05,4.1215146e-05,2.5061701e-06,2.8024841e-05,5.3074928e-06,0.99977249,3.4874106e-05,7.526034e-06,6.0982072e-05
20171109-091937-2.jpg,5,5,0.0023424703,0.33227919,0.00016704524,0.0004411105,6.8756501e-05,0.5401688,0.0088769463,0.01456416,0.10109152
20171109-092225-1.jpg,5,5,9.1446168e-06,3.3646752e-06,1.3615286e-06,3.3418346e-06,1.0201617e-06,0.99992412,2.6619139e-06,2.3422904e-06,5.2643633e-05
20171109-092340-2.jpg,5,5,2.3760816e-05,1.4188796e-05,2.965659e-06,2.9680089e-05,5.9280099e-06,0.99967619,0.00012184566,5.497547e-05,7.0468032e-05
20171109-092540-1.jpg,5,5,1.5879675e-05,1.4794984e-05,8.8697464e-07,1.0402613e-05,1.5342313e-06,0.99993769,5.9219914e-06,3.5992103e-06,9.2938247e-06
20171109-092615-1.jpg,5,5,4.9477687e-06,8.3657183e-06,7.2522494e-07,1.5874891e-05,7.1358247e-07,0.99985372,2.7291377e-05,1.2414951e-06,8.7116481e-05
20171109-092818-1.jpg,5,5,7.3563348e-06,1.3123339e-06,3.5400532e-07,4.7105356e-06,6.61331e-07,0.99994534,2.1021333e-06,3.0738248e-06,3.5094391e-05
20171109-092910-2.jpg,5,5,9.6520021e-05,3.4177628e-05,1.3034989e-06,3.9917389e-05,2.7253077e-06,0.99940265,6.9274196e-05,1.4611281e-05,0.00033881835
20171109-093041-2.jpg,5,5,0.00010357936,0.0004717162,6.7763293e-06,2.8337281e-05,2.5377797e-05,0.99522619,0.0010077162,5.8879428e-05,0.0030714314
20171109-093128-1.jpg,5,5,1.1171179e-05,4.7314299e-06,1.9778182e-06,1.130802e-05,3.1611036e-06,0.99993878,1.4982855e-05,3.1408848e-06,1.0743947e-05
20171109-093142-2.jpg,5,5,0.0002628803,0.00021299302,3.5297766e-06,1.8020952e-05,3.5948412e-06,0.99754826,0.00022396841,7.3488117e-05,0.0016532661
20171109-093159-1.jpg,5,5,3.5797775e-06,1.2940676e-06,1.131886e-06,1.9562687e-06,8.912829e-07,0.99998298,4.1632784e-06,8.3188418e-07,3.1718177e-06
20171109-093500-1.jpg,5,8,0.0030512898,9.1712187e-05,4.1281604e-05,0.0015628158,2.8180095e-05,0.31241796,0.00030578478,0.00042710573,0.68207387
20171109-093513-1.jpg,5,5,0.00017131265,0.00010775078,1.2797686e-05,5.3902294e-05,1.1006433e-05,0.94476208,0.0016079342,0.00031407954,0.052959137
20171109-093524-1.jpg,5,5,9.8551371e-06,4.7590457e-06,1.5928625e-06,4.3093253e-06,1.2155093e-06,0.99994693,5.9684541e-06,1.9449289e-06,2.3427546e-05
20171109-093528-3.jpg,5,5,3.025298e-05,2.9829716e-06,6.8066794e-07,1.2597204e-05,1.7363125e-06,0.99993682,5.0267442e-06,3.3543933e-06,6.5441561e-06
20171109-093608-1.jpg,5,5,8.9324228e-06,2.6304594e-06,1.3807061e-06,1.1973454e-05,1.864875e-06,0.99996175,4.6945439e-06,2.4088234e-06,4.3657099e-06
20171109-093826-3.jpg,5,5,1.1612564e-05,3.3689678e-06,1.476619e-06,1.674892e-05,3.0805132e-06,0.99994559,1.0682809e-05,2.716928e-06,4.7180852e-06
20171109-094123-2.jpg,5,5,0.00015098239,0.00010323317,1.9193317e-05,0.00015357202,4.7861291e-05,0.98468061,0.0089418908,0.00035092763,0.005551728
20171109-094157-2.jpg,5,5,2.0865054e-06,3.9172351e-06,7.0033694e-07,4.1403862e-06,7.4411933e-07,0.99995877,1.2025705e-05,2.9671495e-06,1.4648774e-05
20171109-094401-3.jpg,5,5,3.1327653e-05,3.5223593e-06,1.2193687e-05,1.5557836e-05,1.017394e-05,0.999882,2.3023045e-05,1.8472156e-05,3.7267421e-06
20171109-094446-3.jpg,5,5,0.00012277866,1.5126142e-05,1.3600262e-05,4.7048445e-05,1.1847781e-05,0.99965574,4.0886488e-05,7.7046153e-05,1.5922373e-05
20171109-095202-3.jpg,5,5,0.00040054931,3.4733547e-05,4.1498107e-05,0.00010481174,5.6839477e-05,0.99470124,0.00054033906,0.0005359415,0.0035840511
20171109-095352-3.jpg,5,5,0.00073344006,0.0013321461,8.352443e-05,0.00036713242,4.7461792e-05,0.84784799,0.0021531259,0.0012359311,0.14619925
20171109-095501-3.jpg,5,5,0.00039229561,0.00010566319,4.5424797e-05,0.00021588113,2.8631211e-05,0.99591086,0.0013227594,0.00019120594,0.0017872744
20171109-095540-3.jpg,5,5,0.00043620975,0.00014099535,3.9077539e-05,0.0003220027,8.5094979e-05,0.9964151,0.0015379845,0.00040730894,0.00061622831
20171109-095650-2.jpg,5,5,0.00083843771,0.00035934574,2.4902121e-05,6.1875083e-05,1.6606156e-05,0.98806525,0.00039867845,0.00056268304,0.009672225
20171109-095805-3.jpg,5,5,3.2815527e-05,1.7433472e-05,8.8728637e-06,1.812754e-05,3.5891041e-06,0.99984525,2.1839178e-05,1.2363627e-05,3.9713172e-05
20171109-194258-1.jpg,5,5,3.8381678e-06,1.268042e-06,9.1225535e-07,2.4675357e-06,7.1677564e-07,0.99997746,6.1349359e-06,1.5009216e-06,5.7013453e-06
20171109-194817-1.jpg,5,5,7.3456486e-06,1.6105014e-05,3.3501481e-06,8.9699993e-06,2.3336593e-06,0.99987732,6.9097512e-05,4.8982748e-06,1.0576729e-05
20171109-194934-1.jpg,5,5,1.7798049e-05,7.3361099e-05,2.5125884e-06,1.5307614e-05,2.43097e-06,0.99907074,6.9376812e-05,1.6712203e-05,0.00073175888
20171113-060420-1.jpg,5,5,2.3815524e-05,2.2191122e-05,2.5356634e-06,0.00019147775,4.788321e-06,0.99954166,2.9003536e-05,1.6213557e-05,0.00016831893
20171113-060523-1.jpg,5,5,3.6849303e-05,1.9396288e-05,2.295214e-05,4.0635234e-05,6.6573227e-06,0.9972517,0.00025736138,1.222422e-05,0.0023522242
20171113-060628-1.jpg,6,6,1.5903905e-05,0.00012546908,3.4198491e-06,2.0445117e-06,3.4774088e-06,8.8994112e-07,0.99964889,1.8819567e-05,0.0001810901
20171113-060629-1.jpg,5,8,0.00085753002,0.000251445,1.4982565e-05,0.00091865839,8.2257757e-06,0.12662367,0.0010622765,0.00021173661,0.87005147
20171113-060924-1.jpg,6,6,3.9871287e-05,0.00023352776,4.2162306e-06,3.7850045e-06,4.7328386e-06,2.5402038e-06,0.99849454,3.9962688e-05,0.0011768257
20171113-061052-1.jpg,6,6,1.8691327e-05,9.0351978e-05,1.9474719e-06,2.0018486e-06,2.1434483e-06,1.589035e-06,0.9998381,2.8940411e-05,1.623532e-05
20171113-061120-1.jpg,6,6,4.6840553e-05,7.3062843e-05,6.3780833e-06,3.2959178e-06,6.1275045e-06,6.8008984e-05,0.99957783,8.085727e-05,0.00013759389
20171113-061251-1.jpg,6,6,2.1758273e-05,0.00020709246,1.0344909e-05,1.6364246e-06,7.2153291e-06,1.3252663e-05,0.99843413,8.748213e-05,0.001217088
20171113-091334-3.jpg,5,5,1.6865773e-05,5.5083516e-06,9.2470734e-07,2.6889052e-05,1.7242682e-06,0.99979549,1.4765005e-05,6.3783696e-06,0.00013144984
20171113-091531-3.jpg,5,5,8.5685037e-06,1.360894e-05,1.2365158e-06,1.0376822e-05,3.3480361e-06,0.9998642,7.5801628e-05,2.7981573e-06,2.0060886e-05
20171113-091915-1.jpg,5,5,0.00030293878,0.00025463699,0.00010897885,0.002033025,0.00021542009,0.99288837,7.2052263e-05,0.00037812397,0.0037464579
20171113-091929-3.jpg,5,5,0.0014541472,0.00018637364,0.00039503713,0.00072665438,0.00012456893,0.99408713,0.00059229973,0.00032519611,0.0021085911
20171113-092117-3.jpg,5,5,0.00014418743,4.9161293e-05,2.1207615e-05,0.00011035376,1.4337527e-05,0.99930417,9.9927932e-05,0.00017424421,8.2409577e-05
20171113-092207-1.jpg,5,5,0.00092506067,0.0013643351,0.00011096102,0.0016488283,0.00012985261,0.91292384,0.00082914855,0.0036758912,0.078392078
20171113-092423-3.jpg,5,5,2.6006194e-05,1.0020022e-05,6.3864548e-06,3.9660554e-05,5.7125599e-06,0.99983812,3.5014929e-05,4.6102517e-06,3.4464767e-05
20171113-092453-3.jpg,5,5,4.5579125e-05,6.991972e-06,1.2238483e-05,2.0537309e-05,1.0474209e-05,0.99967211,5.3426252e-05,2.3347468e-05,0.00015529061
20171113-092514-3.jpg,5,5,0.001749695,8.4604959e-05,6.0777724e-05,0.000283574,5.8889057e-05,0.99614414,0.00026883596,0.00047563709,0.00087384748
20171113-092534-3.jpg,5,5,0.00021061149,3.2422818e-05,2.8345817e-05,0.00021866633,1.9549112e-05,0.99904425,0.00021718299,2.3848251e-05,0.0002051223
20171113-092650-1.jpg,5,5,3.5989585e-05,1.2924754e-05,1.0466944e-05,4.3620276e-05,1.2793503e-05,0.9998237,2.8740381e-05,2.5646348e-05,6.1230481e-06
20171113-092943-1.jpg,5,5,0.00063929478,0.00012688976,2.0183017e-05,0.00029626853,5.193211e-05,0.99104659,0.00073374755,0.00020023761,0.0068848533
20171113-093142-1.jpg,5,5,0.00094500628,0.0003365015,4.326329e-05,0.0002794577,7.8964157e-05,0.99085651,0.0010169435,0.0015420968,0.004901259
20171113-093226-1.jpg,5,5,7.9445314e-06,3.1640297e-05,6.5919324e-06,1.0269825e-05,5.8308604e-06,0.99986601,4.8375899e-05,6.7941644e-06,1.6538575e-05
20171113-093349-3.jpg,5,5,0.00023188178,3.0822674e-05,2.2005479e-05,0.00015130299,4.1847305e-05,0.99931261,0.00012074537,2.9003711e-05,5.9776846e-05
20171113-093432-1.jpg,5,8,0.0010751045,0.00014973558,8.391252e-05,0.00032330965,8.7637979e-05,0.062761286,0.00020649936,0.00020728765,0.93510523
20171113-093500-1.jpg,5,8,0.0014971585,0.0010532687,5.8379618e-05,0.0014046809,0.00014072809,0.49615131,0.00088690068,0.00018278431,0.49862479
20171113-093641-3.jpg,5,7,0.042091016,0.015977504,0.00069596708,0.0066872435,0.00025202321,0.1441458,0.01837931,0.74807571,0.023695427
20171113-093918-3.jpg,5,5,0.11672955,0.0044097619,0.00036091414,0.0022206307,0.00080501192,0.48466555,0.15369244,0.18294976,0.054166381
20171113-094013-3.jpg,5,5,0.00028444562,3.4454095e-05,4.2803021e-05,0.00034574845,7.6709285e-05,0.9987359,0.00024802566,0.00020735579,2.4555253e-05
20171113-094324-3.jpg,5,5,0.00039011324,0.00012673227,0.00017288036,0.000515536,5.4071608e-05,0.99381883,0.00046005613,8.7215443e-05,0.004374568
20171113-094444-3.jpg,5,5,0.00027216378,0.00013536695,4.2267536e-06,0.0001931106,1.4994771e-05,0.94534014,0.0002930806,5.5157617e-05,0.053691764
20171113-095351-3.jpg,5,5,6.4717234e-05,0.00012052719,3.7929388e-06,1.7068709e-05,3.4266812e-06,0.99875931,4.1181313e-05,3.1966739e-05,0.00095800563
20171113-095542-3.jpg,5,5,4.9708991e-05,5.5308368e-05,4.6901267e-06,1.9572735e-05,3.8420057e-06,0.99915972,0.00020884762,8.2473739e-06,0.00049006105
20171113-095558-1.jpg,5,5,0.0046214502,0.0017815561,0.00047864729,0.004062466,0.00044414691,0.96502505,0.001927873,0.0023871365,0.019271669
20171113-095617-1.jpg,5,5,0.010537789,0.013820593,0.00071063042,0.014777703,0.00063777455,0.83296536,0.0045700825,0.068079821,0.053900248
20171113-100359-3.jpg,5,5,1.9491254e-05,3.6309939e-06,3.9426439e-06,8.7421757e-06,5.2843775e-06,0.99994175,1.1051148e-05,4.0566082e-06,2.0537762e-06
20171113-100431-3.jpg,5,5,7.844926e-06,1.8233963e-06,4.0563051e-06,1.7302432e-05,4.0222911e-06,0.99995035,3.8956416e-06,5.4492316e-06,5.2523954e-06
20171113-101034-1.jpg,5,5,0.00011417336,8.9903015e-05,5.2615079e-06,0.00033082614,1.0704694e-05,0.98280536,0.00300322,2.070249e-05,0.013619848
20171113-101111-1.jpg,5,5,2.1948155e-05,5.3019427e-05,5.9051494e-06,3.345542e-05,7.48977e-06,0.99432859,0.0002933756,9.3234898e-06,0.005246895
20171113-101236-3.jpg,5,5,9.4503091e-06,3.3097982e-06,2.3575053e-06,6.8076479e-06,4.9370776e-06,0.99995294,1.3462895e-05,2.8561697e-06,3.8794533e-06
20171113-101410-3.jpg,5,5,7.0287246e-05,1.4372884e-05,1.1795356e-06,9.0017322e-06,2.0755982e-06,0.99984237,2.2222907e-05,4.3256799e-06,3.4161318e-05
20171113-101436-1.jpg,5,5,0.0003612797,7.8371347e-05,7.403891e-06,0.0006541921,1.1559791e-05,0.88609395,0.00083778622,9.9930636e-05,0.11185553
20171113-101506-1.jpg,5,8,0.002284655,0.00032734429,1.2492486e-05,0.0012467307,1.4730061e-05,0.01549964,0.0004473306,0.0015850207,0.97858206
20171113-101809-1.jpg,5,8,0.0022946033,0.0046171682,0.00032421443,0.00082746023,0.00023142503,0.17512486,0.0041793825,0.0013756534,0.81102523
20171113-101830-0.jpg,6,6,1.0648702e-05,0.00040845021,1.4129647e-06,1.9142105e-06,4.1274042e-06,2.5849156e-06,0.99952909,1.9497877e-05,2.2272321e-05
20171113-102043-1.jpg,5,5,0.0046431535,0.0014352021,0.00014412477,0.000847478,0.00018340123,0.89692018,0.0044102738,0.0058018358,0.085614352
20171113-102459-1.jpg,5,5,9.923643e-06,1.9456242e-06,1.0390166e-06,1.0620045e-05,1.5424028e-06,0.99995102,1.2334345e-05,3.8996024e-06,7.6704829e-06
20171113-103235-0.jpg,6,6,3.7727831e-06,2.1557538e-05,1.0424907e-06,9.2640414e-07,1.3923701e-06,2.5654996e-06,0.99993717,2.097946e-05,1.0591832e-05
20171113-104328-0.jpg,6,6,9.4793966e-05,0.00014405174,2.3409868e-06,4.4641825e-06,5.4717281e-06,4.2801837e-06,0.9995001,8.291806e-05,0.00016158051
20171113-104451-0.jpg,6,6,9.2278137e-06,0.00017989431,2.6939393e-06,1.6470218e-06,3.0934791e-06,1.161499e-06,0.99969418,6.5341214e-05,4.2764961e-05
20171113-104614-0.jpg,6,6,6.7372609e-06,1.5891288e-05,1.4173127e-06,3.3420554e-06,4.1182783e-06,3.041492e-06,0.99991782,3.3788531e-05,1.3841771e-05
20171113-105749-0.jpg,6,6,1.9963654e-06,7.4529275e-05,7.6232259e-07,7.497942e-07,9.0621423e-07,3.4027326e-06,0.99990574,4.1636865e-06,7.7463203e-06
20171113-112836-0.jpg,6,6,1.7997377e-05,0.00026761816,1.3115474e-05,1.7331429e-05,1.8329022e-05,3.79376e-06,0.99947274,7.9897546e-05,0.00010917771
20171113-115052-0.jpg,6,6,1.319517e-05,2.8227056e-05,2.9650969e-06,5.7754011e-06,7.6777549e-06,4.4225701e-06,0.99988047,4.2787052e-05,1.4482423e-05
20171113-115125-1.jpg,6,6,1.5263897e-06,7.5554547e-05,3.0496863e-06,6.6787834e-07,2.0967909e-06,3.3609426e-06,0.99974759,1.8610746e-05,0.0001475454
20171113-115453-1.jpg,6,6,9.2881377e-06,0.003633815,2.3228479e-05,4.0688518e-06,2.1668261e-05,5.2542405e-05,0.99167654,6.0348691e-05,0.0045184985
20171113-115508-1.jpg,6,6,7.1578104e-05,0.00039608711,1.8284904e-05,1.6235393e-05,2.6588506e-05,0.0001960345,0.9984565,5.1450393e-05,0.00076723728
20171113-115910-0.jpg,6,6,3.7097335e-06,8.0111676e-06,1.9708405e-06,6.9441185e-06,2.9533013e-06,3.1316158e-06,0.99967264,8.4664518e-05,0.00021597658
20171113-115913-1.jpg,6,6,1.3156687e-06,7.1143279e-05,2.2055837e-06,3.9748637e-07,1.4117357e-06,9.5088065e-07,0.99981987,2.8324398e-05,7.4376285e-05
20171113-120122-3.jpg,6,6,1.5523883e-05,0.00012657341,0.00040288699,2.9217296e-05,8.0280301e-05,0.00045416118,0.996551,0.00072242508,0.0016179346
20171113-120355-1.jpg,6,6,6.5801832e-06,0.00018918183,3.3828864e-06,1.8920516e-06,3.608086e-06,4.7238828e-05,0.99963458,1.9603847e-05,9.3930881e-05
20171113-120549-1.jpg,6,6,1.6613127e-05,0.00012278296,1.57069e-06,1.3827992e-06,1.6234944e-06,4.0029397e-06,0.99975092,4.8323272e-05,5.2781025e-05
20171113-120603-2.jpg,6,6,7.2072393e-05,0.00069651684,7.4427206e-06,0.00012113506,1.8384853e-05,6.9578837e-05,0.98854399,0.00058503007,0.009885847
20171113-120908-2.jpg,6,6,4.9259814e-05,0.00024243992,6.0177894e-06,2.5061035e-05,6.4797085e-06,2.6236177e-05,0.97778664,0.00088569182,0.020972171
20171113-120954-1.jpg,6,6,1.4658086e-06,8.2095568e-06,1.6294056e-06,9.3692605e-07,8.0265238e-07,2.703672e-06,0.99991657,1.2310128e-05,5.537425e-05
20171113-121512-2.jpg,6,6,1.7227852e-05,6.4359314e-05,8.1063548e-06,1.2787854e-05,6.3238077e-06,1.3267107e-05,0.99445336,0.00032008416,0.0051044881
20171113-122213-0.jpg,6,6,8.2899216e-06,5.4040579e-05,1.1556851e-06,7.519077e-06,5.5117922e-06,1.5246696e-06,0.999319,0.00029163603,0.0003113242
20171113-122323-0.jpg,6,6,2.8143705e-05,9.9768213e-05,9.014838e-06,7.735669e-06,7.5498832e-06,3.0997574e-06,0.99931263,0.00038464707,0.00014740971
20171113-122412-1.jpg,6,6,6.6821501e-06,2.7517779e-05,2.0244087e-06,1.5270411e-06,9.9900366e-07,2.2712296e-05,0.999855,4.2100412e-05,4.1438879e-05
20171113-122417-3.jpg,6,6,1.3725139e-05,1.4886227e-05,2.3660877e-06,6.801855e-06,2.5232642e-06,3.4048437e-06,0.99963339,6.2766113e-05,0.00026014004
20171113-123106-1.jpg,6,6,1.3577069e-06,3.9454545e-05,1.1371462e-06,1.3008504e-06,1.8309463e-06,1.2820268e-06,0.9997552,5.6490956e-06,0.00019278541
20171113-123524-3.jpg,6,6,5.7102316e-05,0.00066001275,1.755773e-05,2.9233609e-05,4.4750268e-05,6.7223147e-05,0.98524338,0.00010934728,0.013771397
20171113-123604-1.jpg,6,6,5.6153394e-06,1.7463658e-05,6.4563492e-07,1.0058134e-06,1.3185823e-06,1.0117538e-06,0.99994979,8.8463967e-06,1.4304955e-05
20171113-123619-3.jpg,6,6,3.0219883e-06,7.7515994e-05,2.1679152e-06,1.3268652e-06,1.6718793e-06,7.0285999e-07,0.99985802,2.5235372e-05,3.0340616e-05
20171113-123630-1.jpg,6,6,0.00018746736,0.00098823705,8.2655491e-05,4.0743398e-05,2.891721e-05,0.00012204991,0.66733107,0.00035572771,0.33086313
20171113-123657-3.jpg,6,6,4.2334118e-06,2.4271924e-05,1.2582995e-06,1.2077494e-06,1.327609e-06,1.314323e-06,0.99991752,2.1044973e-05,2.7822584e-05
20171113-123728-3.jpg,6,6,1.0762223e-06,8.8297157e-05,5.8557808e-07,6.0731684e-07,1.0457878e-06,8.8924075e-07,0.99988793,3.0654525e-06,1.6503792e-05
20171113-123806-1.jpg,6,6,4.0061619e-06,7.8568955e-05,3.9788931e-06,7.4274459e-07,3.4920878e-06,3.6621457e-07,0.99980119,1.3813403e-05,9.3844163e-05
20171113-123809-3.jpg,6,6,1.0045058e-06,0.00010122239,1.5886017e-06,1.6456667e-06,1.9407769e-06,3.9648277e-06,0.99976516,1.2363465e-05,0.00011110848
20171113-123900-1.jpg,6,6,2.1408886e-05,1.3877953e-05,2.8220159e-06,5.4243324e-06,7.3407366e-06,1.415502e-05,0.99958781,0.00032675816,2.0405151e-05
20171113-124206-1.jpg,6,6,7.3595621e-06,3.6421357e-05,4.5006736e-06,1.0361216e-05,8.2170172e-06,9.2836492e-06,0.99969592,0.00011726749,0.00011066721
20171113-124300-3.jpg,6,6,1.1207379e-05,0.00045636817,1.2746186e-06,3.4372914e-06,2.712597e-06,5.6671112e-06,0.99939792,8.6987656e-05,3.4424044e-05
20171113-124517-1.jpg,6,6,1.2313123e-06,3.9389465e-05,1.3775217e-06,5.9508738e-07,9.7543772e-07,3.7280623e-07,0.99991532,1.0355575e-05,3.0384995e-05
20171113-130049-2.jpg,6,6,0.00010569159,0.00025202407,0.00011047923,1.9378682e-05,7.5924043e-05,2.9935734e-05,0.94718555,0.0018858172,0.0503352
20171113-130402-2.jpg,6,6,3.2731726e-06,9.160521e-06,1.5716919e-06,2.0716884e-06,8.6493214e-07,5.3624905e-06,0.99989428,1.2963051e-05,7.0454415e-05
20171113-130523-2.jpg,6,6,5.1916184e-06,0.0074425679,6.6166625e-06,2.0565403e-06,1.2024047e-05,1.3590202e-05,0.99176177,8.5435047e-05,0.00067074433
20171113-130740-2.jpg,6,6,3.8948033e-06,2.4937758e-05,1.4690005e-06,1.1877918e-06,3.2185316e-06,8.0031187e-06,0.99990764,2.3594425e-05,2.6058884e-05
20171113-130902-2.jpg,6,6,6.4813514e-05,0.00075893388,6.8828867e-06,1.0224485e-05,2.3110378e-05,1.5908563e-05,0.98968928,0.0088328331,0.00059800831
20171113-131008-1.jpg,6,6,1.188076e-05,0.0011251032,1.2075963e-05,2.9386212e-06,1.6255909e-05,4.5637058e-05,0.99850528,1.2883269e-05,0.00026794922
20171113-131307-1.jpg,6,6,3.7543986e-06,6.3597212e-05,7.6044831e-06,1.1685967e-06,3.9498493e-06,1.7563003e-06,0.99892353,9.3128978e-06,0.00098532679
20171113-131321-2.jpg,6,6,1.4510667e-05,0.00010770351,8.5080907e-05,7.6821013e-05,2.5672281e-05,6.8885376e-05,0.97950012,0.019618957,0.00050225428
20171113-131545-2.jpg,6,6,5.1514804e-06,0.00012603311,2.4579619e-06,1.1174893e-06,4.6422478e-06,2.1013063e-06,0.9980818,3.9127628e-06,0.0017727834
20171113-131618-2.jpg,6,6,2.9378882e-05,0.00015835676,1.0786891e-05,9.4901558e-06,2.1549852e-05,3.3304384e-06,0.96665235,4.9650465e-05,0.033065103
20171113-131815-2.jpg,6,6,0.001071938,0.0069005303,0.00095500376,0.00010085599,0.0002795485,0.00032677552,0.64909794,0.00063093412,0.34063647
20171113-131857-3.jpg,6,6,2.6124549e-05,0.00018674727,1.8708788e-05,7.1022269e-05,1.8911602e-05,1.1872244e-05,0.99648247,0.0013413218,0.0018428176
20171113-131937-3.jpg,6,6,5.2429404e-05,8.0874696e-05,6.7014905e-06,1.2537465e-05,6.4833152e-06,4.293308e-06,0.9950591,0.003486437,0.0012911442
20171113-131948-3.jpg,6,6,0.0001604773,4.2148963e-05,1.2480895e-05,0.0002516642,6.3448132e-05,1.0031281e-05,0.99887558,0.00018015039,0.00040401831
20171113-132048-2.jpg,6,6,4.1904175e-05,0.00036825109,3.3857149e-06,7.2130697e-06,8.3532788e-06,2.0313597e-06,0.99928012,0.00015694588,0.00013179891
20171113-132138-1.jpg,6,6,4.7386935e-06,2.9797325e-05,7.856507e-07,5.0214436e-06,1.426805e-06,2.6220669e-05,0.99978935,9.7250936e-05,4.5409997e-05
20171113-132323-3.jpg,6,6,5.4579692e-05,0.00019222668,0.00038472853,4.6896331e-05,7.7647343e-05,0.00019237539,0.99057037,0.0052033159,0.0032778617
20171113-132349-1.jpg,6,6,1.7949361e-05,3.4139853e-05,1.5029881e-06,1.0432039e-05,3.357011e-06,4.6111276e-06,0.99943697,5.2423614e-05,0.00043861822
20171113-132408-1.jpg,6,6,8.6272186e-07,0.00011665046,1.1567817e-06,5.9922384e-07,8.4709737e-07,1.6821787e-06,0.99985518,7.8856283e-06,1.5131924e-05
20171113-132548-3.jpg,6,6,6.6027037e-05,0.0043548906,1.6846954e-05,8.3137269e-06,7.9351588e-06,8.8932938e-06,0.99291007,0.00049239934,0.0021346196
20171113-132556-1.jpg,6,6,3.2401501e-05,0.00014839635,2.2774647e-06,6.1118645e-06,1.9735211e-06,1.1778805e-05,0.99952605,0.00021138247,5.9631046e-05
20171113-132747-1.jpg,6,6,2.1267107e-06,5.718595e-05,5.0445507e-07,3.0031792e-06,1.1531712e-06,2.3044006e-06,0.99987631,2.0108921e-05,3.7307565e-05
20171113-132837-1.jpg,6,6,7.1502444e-06,0.00012676754,2.298264e-06,2.7389936e-06,7.5515268e-06,1.4007179e-06,0.99979401,2.2496683e-05,3.5587206e-05
20171113-132921-3.jpg,6,6,1.665268e-05,9.4080055e-05,0.00055876515,7.4596431e-05,5.2506397e-05,0.00031630114,0.9925308,0.0053442837,0.0010120109
20171113-132956-0.jpg,6,6,6.0738772e-05,0.00014880057,0.00010970493,2.8699195e-05,7.7192725e-05,0.00013762359,0.99511939,0.0031727884,0.0011450571
20171113-133040-0.jpg,6,6,1.364568e-05,5.5810914e-05,2.0824766e-05,5.6925444e-06,1.8887076e-05,2.5867529e-05,0.9984925,0.00019727341,0.0011694966
20171113-133044-3.jpg,6,6,8.9066061e-05,6.1345327e-05,1.0423795e-05,1.8171548e-05,1.147238e-05,8.9047575e-06,0.99487926,0.0019286066,0.0029927458
20171113-133259-3.jpg,6,6,8.1916748e-06,3.7553307e-05,4.6679074e-06,2.5889642e-06,3.5597539e-06,5.8405895e-06,0.99934256,0.00028461599,0.00031042395
20171113-133354-1.jpg,6,6,0.0019278091,9.3026006e-05,0.00013912493,0.0014178009,0.00018590813,0.00032413577,0.82353354,0.16944374,0.0029349082
20171113-133603-1.jpg,6,6,5.6679156e-06,4.4602868e-05,3.8888562e-06,1.5096983e-05,4.6938799e-06,3.2039723e-06,0.99967135,0.00011947381,0.00013202584
20171113-133646-3.jpg,6,6,2.6444147e-06,0.0004058103,2.8623367e-06,1.0467741e-06,6.969188e-06,5.0841138e-07,0.99953654,1.8480788e-05,2.5136765e-05
20171113-133859-3.jpg,6,6,4.9263446e-06,4.5323348e-05,1.5678513e-06,1.0682573e-06,1.8494591e-06,6.8070655e-07,0.99991702,2.2780394e-05,4.7810451e-06
20171113-134220-1.jpg,6,6,2.5159883e-05,0.00061387476,9.7517273e-06,1.8127878e-05,2.5044747e-05,1.7590135e-06,0.99838651,0.00015330573,0.00076646682
20171113-134314-1.jpg,6,6,0.00014487233,0.013808299,2.459186e-05,1.1166935e-05,2.327129e-05,1.7759278e-05,0.9810476,0.0023835502,0.0025388926
20171113-134315-0.jpg,6,6,7.9091952e-06,7.9402414e-05,1.0027494e-05,2.3642762e-06,6.3898392e-06,3.7757469e-06,0.99896524,2.6480791e-05,0.00089841209
20171113-134330-1.jpg,6,6,3.1631548e-05,0.0062428406,6.6138197e-06,1.0401626e-05,5.3843571e-06,1.6982523e-06,0.99149073,0.0012561733,0.00095452668
20171113-134450-0.jpg,6,6,3.3688508e-05,3.6361332e-05,3.7438024e-06,8.5700557e-06,1.0884089e-05,2.5879371e-05,0.99903058,0.00081947977,3.0811444e-05
20171113-134454-3.jpg,6,6,1.9712296e-05,3.1915771e-05,6.0828666e-05,1.6582314e-05,2.6947186e-05,8.4524539e-05,0.99912244,0.00037078484,0.00026626305
20171113-134618-3.jpg,6,6,1.7157317e-05,2.6430315e-05,3.2853005e-05,7.216136e-06,2.5700644e-05,2.3644025e-05,0.99929313,0.00023522275,0.00033864349
20171113-134654-1.jpg,6,6,9.1703177e-06,0.0019315493,2.8915125e-06,2.9995072e-06,6.9698993e-06,3.6298228e-06,0.99779533,3.807103e-05,0.00020939244
20171113-134655-3.jpg,6,6,6.3721717e-06,1.868272e-05,4.7172942e-06,4.8970267e-06,5.0478298e-06,1.2546396e-05,0.99888591,4.3017925e-05,0.0010188088
20171113-134706-3.jpg,6,6,7.6895128e-05,0.00014543398,1.1723418e-05,6.5555561e-05,2.5523795e-05,1.298418e-05,0.84622898,0.00040114082,0.15303176
20171113-134801-1.jpg,6,6,5.1201589e-06,6.0637668e-05,2.1441871e-06,4.1547386e-06,6.6672889e-06,1.9564371e-06,0.99984128,1.7534601e-05,6.0509886e-05
20171113-134828-1.jpg,6,6,2.3745237e-05,0.00020031049,2.3248347e-06,1.9281421e-06,3.405904e-06,2.1350466e-06,0.99970058,1.4864523e-05,5.0704716e-05
20171113-134906-1.jpg,6,6,6.9823047e-06,2.2466101e-05,1.187671e-06,1.5849645e-06,2.2256777e-06,1.0008794e-06,0.99992033,9.0923983e-06,3.5133724e-05
20171113-134928-3.jpg,6,6,2.0406683e-05,0.00080072143,4.4037211e-05,9.3223251e-06,1.1450431e-05,1.5382247e-06,0.9949008,3.9995242e-05,0.0041717266
20171113-135112-3.jpg,6,6,3.5530294e-06,2.2758588e-05,7.3996552e-06,3.4076665e-06,4.478173e-06,1.4560704e-05,0.99973942,0.0001660371,3.8382084e-05
20171113-135125-3.jpg,6,6,7.9219069e-06,4.1888406e-05,2.1404887e-05,8.9755088e-06,9.445871e-06,2.2308457e-05,0.99865084,0.0011286045,0.00010861444
20171113-135152-1.jpg,6,6,0.00088397946,0.00096234136,4.175096e-05,6.5585144e-05,6.7960895e-05,0.00021242133,0.99693177,0.00012172525,0.0007124629
20171113-135239-0.jpg,6,6,0.00037014087,2.0009068e-05,1.6114195e-05,0.00011877587,6.0904356e-05,6.7846416e-05,0.99604388,0.0017601268,0.0015422002
20171113-135245-1.jpg,6,6,0.00087812851,0.00040191601,1.2337066e-05,9.5191705e-06,2.0695621e-05,1.3152055e-05,0.99832422,0.00013673308,0.00020329793
20171113-135334-3.jpg,6,6,3.0498719e-05,0.00011601888,1.6181647e-05,9.2674168e-06,2.1334511e-05,4.2314334e-05,0.99687786,0.001986891,0.0008996356
20171113-135346-3.jpg,6,6,7.4417711e-06,8.8628682e-05,2.6950456e-05,5.1394112e-06,9.3232451e-06,1.5796735e-05,0.99814101,0.001413372,0.0002923339
20171113-135507-3.jpg,6,6,7.9003134e-06,5.0482565e-05,7.9813111e-06,9.7897775e-06,7.3289293e-06,7.9058531e-06,0.96877186,0.0008035039,0.030333249
20171113-135658-1.jpg,6,6,7.4855207e-06,0.0058685315,5.3659293e-06,1.104346e-06,4.3154937e-06,5.5427271e-06,0.9940391,2.4634854e-05,4.3921593e-05
20171113-135825-1.jpg,6,6,0.0014620742,0.41632878,0.00014101379,0.00031789246,3.2564449e-05,0.00029587089,0.45845044,0.0021489275,0.12082244
20171113-140049-0.jpg,6,6,2.9238339e-05,0.00068580214,5.7338629e-06,3.2672404e-06,6.0095625e-06,2.7310722e-06,0.99914994,8.9729612e-05,2.7550562e-05
20171113-140119-2.jpg,6,6,5.1729019e-06,2.4073947e-05,1.0195035e-06,1.6736794e-06,2.290369e-06,5.0318334e-06,0.99993678,9.6555012e-06,1.42974e-05
20171113-140134-2.jpg,6,6,3.6694156e-06,2.740307e-05,7.8815957e-07,9.3575759e-07,1.272315e-06,1.2641185e-06,0.99993944,8.7884311e-06,1.64428e-05
20171113-140302-2.jpg,6,6,7.4917372e-06,1.2541131e-05,3.2040872e-06,1.458597e-06,2.5399699e-06,2.403294e-06,0.99993865,1.0679372e-05,2.10364e-05
20171113-140645-2.jpg,6,6,0.00027770694,0.00031926509,6.9132753e-06,1.4011538e-05,2.4953859e-05,3.9146682e-06,0.99918511,2.0498686e-05,0.00014762878
20171113-141212-2.jpg,6,6,6.6241881e-06,9.3886703e-06,7.0509954e-06,3.221864e-06,4.7719962e-06,9.177801e-06,0.99983313,0.00011626092,1.037436e-05
20171113-141305-2.jpg,6,6,0.00010371647,0.00011871207,4.2198555e-06,4.50388e-05,1.3098778e-05,5.4862283e-05,0.99734978,0.00033936527,0.0019712108
20171113-141411-2.jpg,6,6,0.00018479171,4.4181295e-05,1.8336833e-05,0.000167265,9.7849989e-05,0.0002526812,0.96322414,0.0081926042,0.027818152
20171113-141437-2.jpg,6,6,2.2560848e-06,0.00010794087,8.0329873e-07,2.6075525e-06,1.7699496e-06,5.7325575e-07,0.99980766,1.346266e-05,6.2922113e-05
20171113-141700-2.jpg,6,6,1.6378185e-06,8.1474328e-06,4.5350411e-07,5.602742e-07,6.0481113e-07,6.8169125e-07,0.99997734,4.3448154e-06,6.2305607e-06
20171113-141831-2.jpg,6,6,1.3016185e-05,0.00019626172,1.5435187e-05,1.4941226e-05,1.0686442e-05,1.318855e-05,0.99712542,0.00014563129,0.0024654189
20171113-142219-2.jpg,6,6,6.1091293e-06,5.0479878e-05,6.8886792e-05,1.2188997e-05,1.3595841e-05,4.1509198e-05,0.99925311,0.00038335413,0.00017076391
20171113-142527-2.jpg,6,6,1.734044e-05,0.00021234919,2.4735648e-05,4.0448479e-05,2.9756774e-05,3.1742638e-05,0.97858971,0.00063837477,0.020415541
20171113-142546-2.jpg,6,6,1.0650056e-06,2.8799801e-05,7.2499843e-07,1.0513912e-06,9.5943833e-07,9.3468292e-07,0.99970637,3.8463192e-05,0.00022163222
20171113-142659-3.jpg,6,6,3.9031454e-06,1.3973226e-05,4.701354e-06,4.5392954e-06,3.5435179e-06,1.5767795e-05,0.99719979,0.00010752482,0.0026462584
20171113-142713-2.jpg,6,6,0.0001170083,0.25591501,6.208074e-05,0.00023115225,9.7251532e-05,4.3425479e-05,0.57990998,0.00034605249,0.16327804
20171113-142815-2.jpg,6,6,1.2635017e-05,0.0004070538,7.1756005e-06,1.7754096e-06,1.252357e-05,1.368331e-06,0.99933071,4.931055e-05,0.00017744482
20171113-142912-3.jpg,6,6,9.6744941e-06,6.5859928e-05,1.2790412e-06,1.6552888e-06,3.2945455e-06,3.7830117e-07,0.99986414,1.0575459e-05,4.313883e-05
20171113-142959-2.jpg,6,6,3.025731e-06,2.4139939e-05,1.5459184e-06,1.2080573e-06,2.7361394e-06,3.5702836e-06,0.99993584,7.0793608e-06,2.0851187e-05
20171113-143038-3.jpg,6,6,7.4118661e-05,0.00037955606,2.3503232e-05,1.8307456e-05,9.0427039e-06,7.617324e-06,0.99311185,0.00058572498,0.0057902843
20171113-143224-3.jpg,6,6,0.0010562601,0.0016158164,8.7745286e-05,0.0011235245,0.00014156203,3.6047169e-05,0.57620306,0.0015096713,0.41822631
20171113-143334-0.jpg,6,6,0.00014912435,0.0044155618,0.00020041997,3.4237869e-05,9.6924251e-05,1.3997574e-05,0.85361504,0.0082877861,0.13318691
20171113-143513-2.jpg,6,6,1.1940186e-05,4.8969641e-05,1.9242747e-06,1.2229551e-06,3.1480272e-06,2.2065259e-06,0.99980424,1.825378e-05,0.00010809392
20171113-143857-2.jpg,6,6,3.8515027e-06,0.00012917477,1.312416e-06,3.0556193e-06,3.146793e-06,1.0722083e-06,0.9997521,1.3852743e-05,9.2430331e-05
20171113-143903-3.jpg,6,6,6.5887158e-06,8.0229338e-05,1.9476249e-06,1.5198877e-06,3.027173e-06,3.6705447e-06,0.99986109,1.7546806e-05,2.4376854e-05
20171113-144311-2.jpg,6,6,8.6813332e-06,2.4661268e-05,2.1814943e-06,7.0261536e-06,4.7652919e-06,4.3755067e-06,0.99982411,8.8163008e-05,3.6032779e-05
20171113-144333-3.jpg,6,6,7.9764679e-05,7.8727588e-05,3.2468114e-05,7.2391354e-05,2.5221707e-05,8.183104e-06,0.99634432,0.00017326874,0.0031856504
20171113-144335-1.jpg,6,6,3.304488e-06,4.1344809e-05,1.3067987e-06,5.1046341e-07,1.6186861e-06,1.1606825e-06,0.99993193,9.8242411e-06,8.9969379e-06
20171113-144443-3.jpg,6,6,4.0483863e-06,0.00025398277,1.4713333e-06,1.1200586e-06,1.8202378e-06,2.2413859e-06,0.99961957,2.355654e-05,9.2193178e-05
20171113-144704-3.jpg,6,6,8.0786871e-05,0.23357533,3.9880684e-05,7.2421456e-06,3.3675444e-05,4.2107406e-05,0.76439445,0.00016566951,0.0016608597
20171113-144747-0.jpg,6,6,5.7096134e-05,0.00018116433,0.0003321421,3.0686188e-05,0.00015437434,4.6629136e-05,0.98573136,0.0014163807,0.012050166
20171113-144803-1.jpg,6,6,2.6159708e-06,0.00011855674,8.2604109e-06,1.9399491e-06,2.6085861e-06,4.7913249e-06,0.99953294,0.00027553686,5.2751413e-05
20171113-144817-0.jpg,6,6,8.2639213e-06,0.0014227043,8.536333e-06,3.1922466e-06,6.1558401e-06,6.0686819e-06,0.99841722,8.3349496e-05,4.4505306e-05
20171113-144900-1.jpg,6,6,4.7910739e-06,0.00032433484,2.2368999e-06,2.6796816e-06,1.7536518e-06,2.6491666e-06,0.99923517,6.6372632e-05,0.0003600114
20171113-144918-1.jpg,6,6,2.4857994e-06,0.0006277728,6.3084262e-06,1.1563191e-06,3.0374772e-06,2.7625038e-06,0.99929861,1.2589726e-05,4.5280781e-05
20171113-145257-3.jpg,6,6,6.0526073e-06,2.7284326e-05,2.1781304e-06,3.5086792e-06,8.6637896e-06,5.9395866e-06,0.99925584,1.186609e-05,0.00067866377
20171113-145308-3.jpg,6,6,3.2772567e-06,1.0104654e-05,1.3533054e-06,1.3202537e-06,2.7729415e-06,1.7744015e-06,0.99965884,2.6623548e-05,0.000293937
20171113-145415-3.jpg,6,6,3.2493442e-06,0.0005792551,2.5929599e-06,8.7439151e-07,3.6272829e-06,8.6506664e-07,0.99870283,2.8949325e-05,0.00067775182
20171113-145418-1.jpg,6,6,6.654398e-06,0.00070434314,7.4325636e-06,3.387158e-06,5.2809369e-06,1.6718752e-05,0.97661865,0.00010887219,0.022528657
20171113-145433-1.jpg,6,6,2.6256092e-06,1.5917528e-05,6.6791922e-06,2.9235196e-06,3.4907873e-06,5.7182391e-06,0.9997134,7.5664773e-05,0.00017358187
20171113-145453-1.jpg,6,6,7.6165659e-06,2.7902997e-05,7.130893e-06,1.7036155e-05,7.5363243e-06,0.00015272327,0.996708,0.001400059,0.0016719924
20171113-145552-3.jpg,6,6,6.7964834e-06,0.00014372629,5.8618173e-06,5.6861556e-06,8.9588371e-06,6.0787696e-06,0.99890205,1.1782162e-05,0.00090906204
20171113-150110-1.jpg,6,6,0.00084623785,0.0025074872,0.00037867109,4.7335873e-05,0.00023444033,0.00010121927,0.77245739,0.00061723593,0.22280998
20171113-150156-1.jpg,6,6,2.122112e-05,7.6112828e-05,8.1628694e-06,6.4867713e-05,1.3477909e-05,0.00010335246,0.9970196,0.00053836207,0.0021548425
20171113-150257-3.jpg,6,6,4.2083695e-05,2.2910837e-05,2.3408911e-06,1.3350888e-05,3.7552605e-06,5.1541544e-05,0.99854272,9.4638686e-05,0.0012266613
20171113-150301-1.jpg,6,8,0.00034306891,0.00078296342,6.1851935e-05,0.00021797991,4.3254848e-05,3.9497392e-05,0.27146888,0.00034032276,0.72670218
20171113-150402-1.jpg,6,6,1.7805397e-05,3.2394704e-05,6.879958e-05,2.9015556e-05,2.3394176e-05,0.00055888122,0.99860146,0.00057787524,9.0371209e-05
20171113-150448-3.jpg,6,6,0.00021007408,7.8962231e-05,0.00044348668,0.00015047652,0.00023529823,0.00034383332,0.95316884,0.0051242395,0.040244786
20171113-151053-0.jpg,6,6,0.00011328537,0.00023388392,8.8802437e-06,1.1191063e-05,1.7819031e-05,3.6176985e-06,0.99914051,0.0001176864,0.00035312315
20171113-151346-3.jpg,6,6,4.1266104e-05,1.831551e-05,6.8180294e-06,4.5034093e-05,1.7262994e-05,1.8924692e-05,0.99949705,4.9616615e-05,0.00030570804
20171113-151747-1.jpg,6,6,5.462553e-06,1.7394681e-05,6.578261e-07,1.5414801e-06,1.2545062e-06,1.0418179e-06,0.99994988,8.8477094e-06,1.3922836e-05
20171113-151931-1.jpg,6,6,3.5577886e-06,1.765295e-05,1.573792e-06,1.3672397e-06,2.4560209e-06,1.2122649e-06,0.99989542,4.5459759e-06,7.2213058e-05
20171113-152939-0.jpg,6,6,6.7266764e-06,6.4353695e-05,9.7450359e-07,1.2143318e-06,1.157463e-06,2.073609e-06,0.99986964,4.1018814e-05,1.2844197e-05
20171113-153033-0.jpg,6,6,3.2468056e-06,1.5555813e-05,1.6239794e-06,1.517808e-06,1.1375808e-06,1.9828522e-06,0.99996355,3.1184218e-06,8.2656021e-06
20171113-153600-0.jpg,6,6,3.2795105e-05,0.00051087269,5.9553205e-06,4.2446378e-06,6.4947555e-06,1.5261337e-06,0.99930849,4.1431678e-05,8.8185192e-05
20171113-154731-0.jpg,6,6,2.5007446e-05,0.00023362563,2.3187357e-06,8.6008047e-06,8.2823323e-06,0.00067076357,0.99898035,3.0953907e-05,4.0100691e-05
20171113-154857-0.jpg,6,6,1.6275651e-06,1.2502738e-05,1.9858444e-06,1.4443699e-06,1.7663678e-06,4.2787833e-06,0.999901,4.6678234e-05,2.8711903e-05
20171113-162820-0.jpg,6,6,2.4017364e-06,0.00030863785,8.9524036e-07,1.2363737e-06,1.8660645e-06,5.3841736e-06,0.99963442,1.2796399e-05,3.2360088e-05
20171113-165829-0.jpg,6,6,2.5882087e-06,3.6396684e-05,4.8986437e-07,9.1203437e-07,1.3237534e-06,5.1706719e-06,0.99992952,6.5907343e-06,1.7010507e-05
20171113-173213-0.jpg,6,6,7.1128652e-06,6.1177645e-05,2.0188514e-06,3.6387122e-06,3.6494299e-06,9.2000854e-07,0.99987577,1.8964725e-05,2.6744286e-05
20171113-173648-0.jpg,6,6,2.900285e-06,7.5656701e-05,1.7908129e-06,2.3857759e-06,3.0195166e-06,1.9620871e-06,0.99977174,6.7792373e-05,7.2750366e-05
20171113-175118-0.jpg,6,6,1.6043271e-05,0.00057748508,6.0606737e-06,1.7654702e-05,6.1794996e-06,9.7008538e-06,0.99888617,0.00025726466,0.00022343906
20171121-071156-1.jpg,6,6,4.0728423e-05,0.00026273971,1.6789428e-05,2.9081369e-05,1.0328796e-05,3.6946772e-06,0.99913329,9.2083498e-05,0.00041126265
20171121-071754-1.jpg,6,6,4.0071362e-05,0.012382094,2.8169966e-05,6.2573945e-05,2.6188392e-05,1.9060334e-05,0.97940347,0.00011651682,0.0079218519
20171121-072239-1.jpg,6,6,0.00038679294,0.01302321,9.198107e-05,7.7004926e-05,8.5851743e-05,2.3021922e-05,0.96364164,0.014378734,0.0082917665
20171121-072857-1.jpg,6,6,1.323774e-05,0.0010262379,5.7396119e-06,4.609719e-06,7.7984922e-06,2.229149e-06,0.99872083,3.2920838e-05,0.00018639611
20171121-073208-1.jpg,6,6,6.4475986e-06,0.0012757806,2.8776552e-06,7.5784798e-06,8.3941923e-06,2.720516e-06,0.99844307,7.8509285e-05,0.00017462268
20171121-073257-1.jpg,6,6,3.8526735e-05,0.0017708973,1.3188642e-05,5.5107347e-06,9.9936057e-06,3.3252156e-06,0.99752872,0.00020033905,0.00042950071
20171121-073259-1.jpg,6,6,2.2666948e-06,0.0001712896,2.8474083e-06,4.480731e-06,4.4167645e-06,8.7815506e-07,0.99971086,1.2636678e-05,9.0324903e-05
20171121-073624-1.jpg,6,6,6.0004351e-06,4.5390684e-06,4.7823982e-06,2.1959027e-06,2.6792178e-06,6.0941334e-06,0.99981878,0.00011158712,4.3339321e-05
20171121-073828-1.jpg,6,6,2.5527421e-05,4.3765757e-05,1.9327528e-05,1.1389675e-05,1.6843696e-05,9.0993114e-06,0.9970864,0.002462269,0.00032537948
20171121-074216-1.jpg,6,6,2.2457577e-05,0.0041410734,1.770971e-05,3.8445518e-06,2.2454991e-05,1.2621441e-05,0.99023322,0.0004191569,0.0051274581
20171121-074426-1.jpg,6,6,0.00017393334,3.7828756e-05,5.5752246e-05,6.9519762e-05,5.7491835e-05,3.5659214e-05,0.99549263,0.0005437189,0.0035334615
20171121-074610-1.jpg,6,6,2.7672847e-06,8.258249e-06,2.2423607e-06,1.8043848e-06,2.1823679e-06,6.0088055e-06,0.99972292,7.1488043e-05,0.00018233327
20171121-075130-1.jpg,6,6,5.1289327e-06,0.00048383363,5.5359398e-07,1.8392466e-06,2.0798765e-06,1.3603967e-06,0.99941063,1.8410846e-05,7.6167499e-05
20171121-075511-1.jpg,6,6,2.466684e-05,0.0043131812,9.8516e-06,5.0021022e-06,1.1959964e-05,4.7801091e-06,0.99372901,7.2506952e-05,0.0018290432
20171121-081850-2.jpg,6,6,0.00098870347,0.013404272,2.5258528e-05,6.8235696e-05,5.6112401e-05,0.023042152,0.93340293,0.0027609891,0.026251344
20171121-082047-1.jpg,6,6,2.4661469e-05,5.1733929e-05,5.9613107e-06,1.0687366e-05,7.1448696e-06,3.6089371e-06,0.99957054,0.00012766321,0.00019799409
20171121-082150-2.jpg,6,6,2.7862989e-05,0.00020966417,9.4642771e-06,3.0427164e-06,5.8438291e-06,1.8055708e-05,0.99915574,0.00018697513,0.00038335069
20171121-082544-2.jpg,6,6,0.00068330956,0.0025540848,1.8756123e-05,0.00040100293,5.5679583e-05,0.00080393868,0.77990783,0.056047241,0.15952816
20171121-082732-2.jpg,6,6,0.00029013778,0.039311702,5.2141547e-05,0.00010027466,8.6797432e-05,0.00010580991,0.94996341,0.0032364269,0.0068532958
20171121-082752-2.jpg,6,6,5.9453128e-06,1.9965891e-05,1.0510415e-06,1.5384936e-06,3.2253439e-06,3.2100904e-06,0.9998438,1.0843749e-05,0.0001104151
20171121-082826-2.jpg,6,6,5.0231529e-05,1.9321578e-05,3.3839981e-06,1.120947e-05,1.0258051e-05,1.5466835e-05,0.99980907,4.55903e-05,3.5471924e-05
20171121-082850-2.jpg,6,6,0.00024904572,0.00038434655,3.5613888e-05,6.7206339e-06,3.5551101e-05,3.8840676e-05,0.99839609,4.3049379e-05,0.00081074462
20171121-082948-2.jpg,6,6,1.7502862e-06,2.8091823e-05,1.1013047e-06,9.2633234e-07,1.0322484e-06,3.5146482e-06,0.99990234,6.3786672e-06,5.4861099e-05
20171121-083319-1.jpg,6,6,7.6976934e-05,0.00043503764,5.6125236e-06,2.3525276e-05,3.2666108e-05,1.3500433e-06,0.99908611,0.0001129556,0.00022576584
20171121-083428-2.jpg,6,6,2.0064836e-05,0.0012348053,3.9056431e-06,5.3712532e-06,9.9114029e-06,3.2376641e-06,0.9982522,0.00020817643,0.00026233125
20171121-083458-1.jpg,6,6,6.4313537e-06,0.00029272582,2.1130254e-06,1.2325462e-06,2.9628978e-06,2.973564e-06,0.99959923,3.3080857e-05,5.9249487e-05
20171121-083528-1.jpg,6,6,4.5125591e-05,0.0001601334,2.7402857e-06,3.6091228e-06,7.277704e-06,4.4696005e-06,0.99964914,6.3940161e-05,6.3566906e-05
20171121-083556-1.jpg,6,6,7.3980636e-06,5.7263009e-05,7.2374382e-07,3.3067387e-06,2.8513353e-06,2.545869e-06,0.99982685,4.1591491e-05,5.7470072e-05
20171121-083607-1.jpg,6,6,1.1427148e-05,0.00013555512,1.2459255e-06,1.8417928e-06,5.0681955e-06,3.6341619e-06,0.99975889,3.0206469e-05,5.2127015e-05
20171121-083628-1.jpg,6,6,0.00011621765,0.00056108885,7.3937893e-06,3.5269978e-05,2.8752071e-05,8.596509e-06,0.99701486,0.00075812047,0.0014696985
20171121-084218-1.jpg,6,6,2.4105105e-06,1.8351173e-05,1.3857954e-06,1.4576926e-06,1.7342398e-06,3.0958358e-06,0.99984437,1.0516335e-05,0.00011667935
20171121-084509-2.jpg,6,6,1.9714842e-05,0.00057443475,2.9615324e-06,2.49764e-05,3.5841909e-06,4.0654487e-06,0.99553994,0.000125808,0.0037045179
20171121-084620-1.jpg,6,6,0.00017215566,0.00087224873,1.6556592e-05,2.610947e-05,3.0432079e-05,0.00020254371,0.99657116,0.00093220206,0.001176596
20171121-084723-1.jpg,6,6,4.9417438e-05,4.0887545e-05,2.8463217e-06,5.9836324e-06,8.0432119e-06,1.7147805e-05,0.9997898,5.8791702e-05,2.7081149e-05
20171121-084809-1.jpg,6,6,4.0433769e-05,2.9814619e-05,2.1309778e-06,8.7927198e-06,1.3950566e-05,5.0442348e-06,0.99975763,5.7262725e-05,8.4940248e-05
20171121-084827-1.jpg,6,6,7.2167918e-05,3.9801514e-05,7.1430823e-06,2.1058619e-05,2.7938128e-05,1.125317e-05,0.99953497,0.00022404295,6.1628457e-05
20171121-084920-1.jpg,6,6,2.5582557e-05,6.1971901e-05,4.8135818e-06,9.1523115e-06,1.0422317e-05,3.8822341e-06,0.99967604,9.2366389e-05,0.00011576958
20171121-085219-1.jpg,6,6,0.00076209217,0.00057020089,5.7216446e-05,0.00012679577,8.7438907e-05,6.4845657e-05,0.98697676,0.0069456293,0.004409021
20171121-085233-1.jpg,6,6,1.6232515e-05,0.00022006458,7.1987241e-06,6.7723419e-06,1.0366751e-05,1.7404664e-06,0.99956437,9.2215842e-05,8.1039805e-05
20171121-085944-1.jpg,6,6,0.0001270075,6.3963225e-05,6.3135016e-06,1.1600043e-05,1.7626015e-05,1.4817111e-05,0.99944433,0.00016297371,0.00015136834
20171121-090145-3.jpg,6,6,6.8017722e-06,2.4356521e-05,1.841803e-06,1.9526517e-06,2.8204488e-06,2.9549313e-06,0.99947537,2.5932837e-05,0.00045797283
20171121-090429-3.jpg,6,6,4.158041e-05,5.9417516e-05,2.744129e-06,5.5272164e-06,6.00356e-06,4.1224418e-05,0.99946289,0.00029912702,8.1488409e-05
20171121-090501-3.jpg,6,6,5.4748832e-05,0.00012004105,3.1375347e-06,9.2869993e-06,8.9842083e-06,3.3853486e-06,0.9994896,0.00015562184,0.00015519125
20171121-090623-3.jpg,6,6,0.00015759741,0.002363749,9.8159043e-05,7.4108747e-06,0.00015396881,1.9680603e-05,0.91219596,0.00032451806,0.084678958
20171121-090736-3.jpg,6,6,6.46602e-05,0.00033574289,2.5866731e-05,8.8532912e-06,1.8428111e-05,2.4164608e-06,0.9972667,0.00015257547,0.0021247586
20171121-090747-1.jpg,6,6,1.0785881e-06,7.1765386e-05,6.5948633e-07,4.759486e-07,8.9983743e-07,7.0522587e-07,0.9999149,2.6821151e-06,6.8318751e-06
20171121-090750-3.jpg,6,6,1.885543e-05,1.639287e-05,3.5399637e-06,1.0543537e-05,1.1336552e-05,1.7836467e-06,0.99968858,4.606599e-05,0.00020289702
20171121-090841-1.jpg,6,6,0.00019177097,0.039070505,2.5809074e-05,9.6729586e-06,3.6472671e-05,3.0766658e-05,0.95061855,6.729026e-05,0.0099491608
20171121-090957-3.jpg,6,6,4.4750982e-05,0.0035827403,2.934431e-06,2.6573719e-06,7.8578477e-06,2.2057506e-06,0.99435876,0.0002075815,0.0017905119
20171121-091203-3.jpg,6,6,0.00015627104,0.00026861881,1.0800758e-05,5.1508358e-06,1.4920255e-05,5.6813091e-06,0.99887909,0.00019935896,0.00046011169
20171121-091325-3.jpg,6,6,1.2294381e-05,0.0010965976,7.5100218e-06,3.5636167e-06,1.5894308e-05,9.4249411e-06,0.99813051,0.00010860711,0.00061559848
20171121-101101-1.jpg,6,6,7.5864342e-06,1.2248302e-05,2.8242418e-06,3.0767818e-06,3.9726045e-06,9.4861274e-06,0.99973794,0.00013877764,8.4084468e-05
20171121-101113-1.jpg,6,6,2.1755062e-06,3.8563442e-05,1.3538232e-06,8.4175913e-07,1.485416e-06,1.4458785e-06,0.99984343,7.0580589e-05,4.0121716e-05
20171121-101215-1.jpg,6,6,5.3640853e-05,3.9738038e-05,9.4475065e-06,5.8742533e-05,2.5317384e-05,8.3311579e-06,0.99939259,6.6523506e-05,0.00034566833
20171121-181134-2.jpg,6,6,0.00020146562,0.0007627737,3.3773893e-05,9.7485118e-05,4.4539182e-05,3.1535764e-05,0.99387353,0.0024738653,0.0024810295
20171122-095514-1.jpg,5,5,1.9256514e-05,2.4850924e-05,8.1009884e-06,9.8087283e-05,1.2294073e-05,0.99964634,0.00012328928,1.2747585e-05,5.5031032e-05
20171122-095851-1.jpg,5,5,2.8951826e-06,1.8332619e-06,1.1138013e-06,5.368908e-06,1.4112621e-06,0.99997765,6.4607387e-06,1.2065285e-06,2.0613024e-06
20171122-100108-1.jpg,5,5,3.1332066e-06,4.0147587e-06,2.0717587e-06,2.4625342e-05,1.8932789e-06,0.99991844,3.3889282e-05,2.7359274e-06,9.1978475e-06
20171122-101024-1.jpg,5,5,2.2260992e-05,9.0524399e-06,7.0860911e-06,6.1134282e-05,1.3626926e-05,0.99983037,4.2861122e-05,1.0328857e-05,3.2744034e-06
20171122-101340-1.jpg,5,5,1.0210696e-05,1.0924476e-05,5.1796808e-06,4.0631206e-05,7.6689865e-06,0.9998476,4.7307195e-05,5.5712006e-06,2.4902338e-05
20171122-101355-1.jpg,5,5,7.3301565e-06,7.3161328e-06,2.8137044e-06,1.9942444e-05,4.4424124e-06,0.99991923,2.4789833e-05,2.7875845e-06,1.1343278e-05
20171122-101532-1.jpg,5,5,7.5746564e-06,2.0128155e-05,4.1251648e-06,2.4078525e-05,6.5976109e-06,0.99951852,0.00016703164,2.8352748e-06,0.00024910923
20171122-101719-1.jpg,5,5,2.5386716e-05,0.00012505849,7.4563527e-06,0.00012332293,7.5944408e-06,0.99304199,0.0004229069,4.3874739e-05,0.0062024117
20171122-101744-1.jpg,5,5,7.6313923e-05,8.4219437e-05,1.0500261e-05,9.3457577e-05,1.7912627e-05,0.99657067,0.00031433757,7.7270125e-05,0.0027553198
20171122-102100-1.jpg,5,5,3.3623075e-06,5.5286827e-06,6.3992511e-07,8.4635044e-06,1.0121477e-06,0.99992971,2.8868327e-05,3.3216225e-06,1.909454e-05
20171122-102106-1.jpg,5,5,0.00021656485,0.00022461905,4.0996486e-05,0.00041200099,5.5443703e-05,0.99436102,0.0007243167,0.00039917149,0.0035658633
20171122-102318-1.jpg,5,5,1.2532551e-05,1.1098367e-05,1.7201837e-06,5.1019857e-06,1.947905e-06,0.99985258,5.3460062e-05,1.620867e-05,4.5351678e-05
20171122-102520-1.jpg,5,5,5.4566484e-06,1.5770206e-06,7.5967643e-07,6.687489e-06,7.8452627e-07,0.999903,1.0377945e-05,2.136988e-06,6.9218814e-05
20171122-102653-1.jpg,5,5,3.8188069e-05,1.3685442e-05,6.4885268e-06,1.873084e-05,7.0898827e-06,0.99970183,0.00012850453,1.8342269e-05,6.7140241e-05
20171122-102820-1.jpg,5,5,6.5440915e-06,2.9656546e-06,1.9267136e-06,1.2201043e-05,4.9247445e-06,0.99993714,2.6909441e-05,3.1598747e-06,4.2248607e-06
20171122-103056-1.jpg,5,5,3.2374573e-05,1.3316513e-05,5.7824624e-06,1.4357482e-05,5.6900698e-06,0.99963139,5.3643758e-05,1.1161695e-05,0.00023228637
20171122-103153-1.jpg,5,5,3.1552318e-05,7.5511162e-06,1.2408814e-05,5.0155722e-05,1.2447113e-05,0.99985908,9.9442249e-06,1.0894541e-05,5.9650769e-06
20171122-103247-1.jpg,5,5,1.0659602e-05,4.6815161e-06,4.9760235e-06,1.6990974e-05,6.4900494e-06,0.99990388,4.4179453e-05,4.3876504e-06,3.755359e-06
20171122-103329-1.jpg,5,5,4.1468291e-05,1.0643632e-05,3.8569732e-06,1.9701418e-05,6.3951197e-06,0.99981437,4.2674005e-05,1.568946e-05,4.5205149e-05
20171122-103345-1.jpg,5,5,0.00034213086,8.0615068e-05,1.1022438e-05,0.00026766226,4.8711795e-05,0.98888437,0.0099434297,9.8089713e-05,0.00032397298
20171122-103413-1.jpg,5,5,5.6002058e-05,2.5278199e-05,1.9272939e-05,5.7052705e-05,3.0806239e-05,0.99948584,0.00028630851,1.8915338e-05,2.0527408e-05
20171122-103825-1.jpg,5,5,2.3709239e-05,6.0719985e-06,1.6587652e-06,3.2039001e-05,5.3333605e-06,0.99990243,1.703559e-05,5.1780732e-06,6.5405747e-06
20171122-103945-1.jpg,5,5,6.315156e-06,3.8760246e-06,7.7192663e-06,6.7339983e-06,7.2440235e-06,0.99994646,1.4798947e-05,2.6069605e-06,4.2446396e-06
20171122-104102-1.jpg,5,5,9.1604864e-06,3.9747189e-06,3.7254818e-06,1.7289872e-05,4.5932098e-06,0.99993038,2.278919e-05,3.3896293e-06,4.7001827e-06
20171122-104124-1.jpg,5,5,2.3596013e-06,1.5520655e-06,8.1231939e-07,6.82241e-06,1.2082954e-06,0.99997801,6.5223422e-06,1.3071435e-06,1.4078669e-06
20171201-115646-1.jpg,8,8,1.8452993e-05,2.4076376e-06,8.5052555e-06,1.9909619e-05,1.5708741e-05,2.6020416e-05,3.0106259e-05,7.070711e-05,0.99980818
20171201-115746-1.jpg,8,8,3.1492125e-06,4.2943417e-06,1.5833332e-06,5.3258312e-06,2.3578179e-06,2.252242e-05,2.0066767e-05,4.970097e-05,0.999891
20171201-115805-1.jpg,8,8,8.2958884e-06,5.6652855e-06,2.6546645e-06,7.7700915e-06,2.3506142e-06,5.9982314e-05,1.3185317e-05,4.4440279e-05,0.99985566
20171201-115923-1.jpg,8,8,0.00017040451,0.00048223707,1.2179558e-05,0.00035977065,1.4233223e-05,0.0052789889,0.00075674834,0.0005996224,0.99232582
20171201-115935-1.jpg,8,8,6.5830399e-06,3.415485e-05,1.1567729e-06,4.3787067e-06,1.2653818e-06,9.1629743e-05,3.78206e-05,1.073387e-05,0.99981228
20171201-120036-1.jpg,8,8,0.00012079276,0.001041476,1.2423215e-05,0.00066799987,1.3899356e-05,0.00094110654,0.0076088298,0.00010729078,0.98948618
20171201-120803-1.jpg,8,5,0.013872913,0.0017023853,0.00016395732,0.012589673,0.00016228509,0.91237945,0.00016165009,0.0023353853,0.056632304
20171201-120840-1.jpg,8,8,0.0017413961,0.00029422542,3.274741e-05,0.00098060328,6.1813477e-05,0.014400166,0.00023285825,0.00038776145,0.98186843
20171201-123831-3.jpg,8,8,8.1435616e-06,1.3687115e-05,1.3689618e-06,7.5514352e-06,1.7890959e-06,3.0161944e-05,3.8050379e-06,1.2394942e-05,0.9999211
20171203-082105-3.jpg,8,8,0.025529,0.00043119471,2.4506002e-05,0.10583162,0.00059101471,4.6565685e-05,2.5888483e-05,0.0023309143,0.8651893
20171203-164415-3.jpg,8,8,2.0334279e-05,9.877723e-05,1.1302708e-06,0.0020438947,9.9378618e-06,2.5794932e-06,7.2209886e-06,5.8151632e-05,0.99775797
20171203-164605-3.jpg,8,8,0.00030385624,0.0022212185,1.6022619e-05,0.00012008018,4.2918426e-05,0.00019212274,0.00010550635,0.0020561146,0.99494216
20171203-164630-3.jpg,8,8,1.38491e-05,0.00033713328,4.3100995e-06,1.1508181e-05,6.2260979e-06,8.115487e-06,3.0606717e-05,1.1745541e-05,0.99957651
20171203-165059-3.jpg,8,8,0.0012034226,0.053897031,4.9449707e-05,0.00017984678,2.390828e-05,0.0011354892,0.0011408861,0.0064937791,0.93587619
20171203-165115-3.jpg,8,8,0.00027313677,0.0275606,2.2658852e-05,0.00020348305,1.3428863e-05,7.6901393e-05,0.00052477466,0.0010072674,0.97031775
20171203-165302-3.jpg,8,8,0.00049470495,0.0041158996,4.8774234e-05,0.0022225392,6.6303924e-05,9.1058177e-05,0.0053448071,0.00066486943,0.98695104
20171203-165314-3.jpg,8,8,0.00044061124,0.038387195,2.9584141e-05,0.00044378848,2.235973e-05,1.6214444e-05,0.00098171805,0.00066534047,0.95901319
20171203-165415-3.jpg,8,8,5.6050105e-05,0.0055190066,6.1510128e-05,7.050515e-05,1.9456029e-05,1.9346716e-05,0.00022093854,5.7067156e-05,0.99397612
20171203-165503-3.jpg,8,8,6.0526884e-05,0.031301859,1.0901865e-05,9.1455447e-05,4.608992e-05,5.1373372e-06,0.00072740591,0.00031502181,0.9674416
20171203-165545-3.jpg,8,8,7.0725148e-05,0.019780384,9.417655e-06,0.0006070762,6.2339576e-05,2.6207686e-05,0.00088626982,8.1884203e-05,0.9784757
20171203-165745-3.jpg,8,8,0.00014743924,0.025264575,6.5918522e-05,5.2138682e-05,2.3555461e-05,9.9507305e-05,0.00050997528,0.00039453232,0.97344236
20171203-165809-3.jpg,8,8,4.9601732e-05,0.0084330103,2.0697063e-05,2.0426952e-05,1.8590466e-05,8.1173317e-06,0.0019219842,4.298972e-05,0.98948458
20171203-170230-3.jpg,8,8,0.00012763105,0.00096144243,3.7430665e-06,4.031103e-05,2.2573547e-06,8.6673696e-06,0.00019724902,9.2380089e-05,0.99856632
20171203-170325-3.jpg,8,8,7.2202383e-05,0.085178715,1.2923399e-05,0.00049238253,1.4429233e-05,1.6937122e-05,0.002161252,8.5458443e-05,0.9119657
20171203-170434-3.jpg,8,8,0.017705879,0.012318426,6.0184278e-06,0.00072274735,2.2145511e-05,0.0032870935,0.00020480425,0.0035631957,0.96216969
20171203-170522-3.jpg,8,8,0.1243228,0.0058044965,9.4548206e-05,0.0020333733,0.00032467553,0.0011283519,0.00064790744,0.020112753,0.84553109
20171203-170534-3.jpg,8,8,0.0034885432,0.011425965,2.4968657e-05,0.0007686898,1.8361006e-05,0.00028283355,0.0017709743,0.0018179353,0.98040173
20171203-170737-3.jpg,8,8,7.7102943e-05,0.00026038871,7.9411473e-06,9.3505414e-05,2.989245e-05,1.9695507e-06,5.928758e-06,0.00033762648,0.99918564
20171203-170753-3.jpg,8,8,3.6970274e-05,0.00044761956,9.5731034e-07,1.8989856e-05,1.5052277e-06,9.3289119e-06,1.0389876e-05,9.032393e-05,0.99938392
20171203-170805-3.jpg,8,8,0.00016454266,0.00021456571,2.5363499e-06,0.00024469209,6.7924971e-06,0.0003336875,0.00058775684,0.0016544914,0.99679093
20171203-170835-3.jpg,8,8,1.4397292e-06,2.9224618e-06,1.452835e-06,2.3633425e-06,2.4252679e-06,1.2900434e-06,4.2491652e-06,3.1898637e-06,0.99998067
20171203-170848-3.jpg,8,8,0.00013308575,0.00023211362,2.6744661e-05,2.0369592e-05,2.3506219e-05,3.5654683e-06,1.2930545e-05,7.9167561e-05,0.99946852
20171203-171008-3.jpg,8,8,1.5012616e-05,0.0077554438,1.0046526e-05,5.923625e-05,3.3663709e-05,9.1737665e-06,6.015989e-05,1.6770867e-05,0.99204049
20171203-171022-3.jpg,8,8,4.7429255e-05,0.011506725,2.1071196e-05,0.00018516079,9.8899332e-06,7.9414096e-05,0.00057517346,2.4137007e-05,0.987551
20171203-171926-3.jpg,8,8,1.0683931e-05,0.0001005562,1.4527169e-06,1.2844287e-05,2.012587e-06,3.6743531e-06,4.5882658e-06,5.6112959e-05,0.99980807
20171203-172120-3.jpg,8,8,0.00027184566,0.002125554,6.2239976e-06,0.00024108734,5.1992438e-06,6.4288804e-05,8.7131672e-05,0.0020828025,0.99511587
20171203-172354-3.jpg,8,8,0.0084156343,0.0022466154,0.00051207221,0.0014820537,0.00083543323,0.00031087427,0.089912701,0.0097898093,0.88649481
20171203-172543-3.jpg,8,8,0.00016187754,0.0030215897,4.9617378e-06,0.00043281589,8.8586893e-06,0.00010779649,0.00061281052,7.7717908e-05,0.99557157
20171203-172556-3.jpg,8,8,6.0777992e-05,0.0029621045,4.955088e-06,4.1483617e-05,3.7655648e-06,3.4332223e-05,0.00074600636,8.2833287e-05,0.99606374
20171203-172608-3.jpg,8,8,1.1142897e-05,0.00024645368,8.4824182e-06,1.7710691e-05,4.3246099e-06,7.2906931e-05,0.0004284218,2.9857977e-05,0.9991807
20171203-172623-3.jpg,8,8,0.0017010791,0.0071494979,1.0952336e-05,0.00027631702,4.6723569e-05,0.0015478302,0.00054231267,0.0012516977,0.98747359
20171203-172726-3.jpg,8,8,4.8166061e-05,0.003683089,3.7597268e-06,4.7933384e-06,3.824875e-06,1.1728271e-05,1.2836636e-05,1.4110797e-05,0.99621769
20171203-172809-3.jpg,8,8,0.00056051451,0.016131701,1.8156632e-05,0.00024220107,1.4449137e-05,0.00010555935,0.004157243,0.00068866518,0.97808151
20171203-172855-3.jpg,8,8,4.2105621e-05,0.00076867675,3.7362426e-06,5.2440397e-06,1.2620719e-06,2.0592579e-05,0.00037196028,5.9489197e-05,0.99872693
20171203-173210-3.jpg,8,8,2.9504113e-05,0.00083180277,1.7986759e-05,1.1463667e-05,7.2820712e-06,5.1146235e-06,0.00025232682,1.917828e-05,0.99882534
20171203-173246-3.jpg,8,8,5.6740918e-05,0.0045930592,0.00033937695,1.254751e-05,2.4459914e-05,9.0710494e-06,6.7052178e-05,4.5667946e-05,0.99485202
20171203-173632-3.jpg,8,8,0.00024597405,0.010254426,1.0043172e-05,0.00028946927,1.0721368e-05,5.0779853e-05,0.00025264262,0.0011380674,0.98774788
20171203-173955-3.jpg,8,8,2.694378e-05,0.00019199254,1.6915852e-05,1.9403754e-05,8.527592e-06,3.4406392e-06,0.00022022284,4.5747618e-05,0.99946681
20171203-174204-3.jpg,8,8,9.5897101e-06,0.00038838491,1.3496196e-06,1.2545768e-05,1.6270719e-06,3.8937598e-06,1.5877796e-05,8.4963324e-06,0.99955824
20171203-174235-3.jpg,8,8,7.0798707e-05,0.0010737958,1.2231277e-05,9.4484355e-05,1.6267334e-05,9.4592768e-06,0.00013852541,8.2289638e-05,0.99850215
20171203-174510-3.jpg,8,8,9.9613151e-05,0.017990065,4.7802673e-05,4.8245619e-05,2.870964e-05,4.2052805e-05,0.0033744219,0.00012998473,0.9782391
20171203-174656-3.jpg,8,8,8.2019353e-05,0.014085934,1.1563966e-05,0.00016866967,1.7375171e-05,7.6995564e-06,0.00040436609,7.5122253e-05,0.98514725
20171203-174853-3.jpg,8,8,0.0012751398,0.00068219756,1.3081582e-05,2.5487641e-05,3.0196152e-05,6.8976458e-05,0.00037241552,0.0017399693,0.99579254
20171205-123530-2.jpg,8,8,0.00072851859,0.0002312769,2.1510409e-06,7.0288153e-06,1.5630251e-06,0.00029901629,5.5946542e-06,0.0014368001,0.99728805
20171205-123605-2.jpg,8,8,0.0011762747,0.00072484647,5.1797326e-05,0.00027637362,5.0826585e-05,0.0074817669,0.00021790868,0.0013715762,0.98864863
20171205-123640-2.jpg,8,8,0.0013636686,0.05505475,5.5919938e-05,0.00020402091,0.00010685951,0.01680447,0.0097221429,0.021969494,0.89471867
20171205-124014-2.jpg,8,8,9.517688e-05,9.0276272e-05,4.1964141e-06,0.001965234,5.5675003e-06,0.0022536067,0.00052465909,7.5254768e-05,0.99498603
20171205-124035-2.jpg,8,1,0.01848465,0.85387232,0.00039682437,0.0011463371,0.00021033459,0.0048355949,0.00076915517,0.005066585,0.11521819
20171205-124050-2.jpg,8,8,0.014502961,0.41199493,0.00030694027,0.0051837765,0.00028050124,0.0016809146,0.0014688779,0.0098802742,0.55470083
20171205-124103-2.jpg,8,7,0.040819554,0.14284852,1.7114068e-05,0.001354054,8.8552299e-05,0.00029846676,4.1866918e-05,0.65489043,0.15964144
20171205-124515-2.jpg,8,8,0.00036551108,6.6237718e-06,2.5700094e-06,0.0003312142,5.3174315e-06,0.00037182759,3.1975638e-05,1.7181265e-05,0.99886778
20171205-124625-2.jpg,8,8,0.00041739413,2.7338924e-05,1.5265014e-05,0.00029686539,1.7318985e-05,0.01167586,0.00021269217,0.00033718963,0.98700008
20171205-124856-2.jpg,8,5,0.00071737741,0.00014019884,1.5341101e-05,0.00010270831,9.1498071e-06,0.85188129,0.00080620631,0.00023038346,0.14609734
20171205-133618-2.jpg,8,8,0.00051134933,0.001634812,6.9494537e-06,1.7982578e-05,7.723136e-06,0.052189588,0.00012387247,0.00024221287,0.94526551
20171205-133727-2.jpg,8,8,0.00013087284,4.8554739e-05,1.4316819e-06,2.3565713e-05,3.2061259e-06,8.3632898e-05,3.5755955e-05,0.00048743556,0.99918554
20171205-133754-2.jpg,8,8,0.0007006102,0.014742901,3.0324539e-06,6.2901942e-05,1.1632363e-05,0.00064671255,1.3586071e-05,0.00013002464,0.9836886
20171205-134059-2.jpg,8,8,0.00011109895,0.00019968751,4.7968182e-06,5.3199262e-05,3.3127003e-05,0.0001115068,1.1732855e-05,0.00029476731,0.99918008
20171205-134137-2.jpg,8,0,0.73400297,0.041781714,0.00014344973,0.00022215371,0.00030246762,0.00033856035,9.4456816e-05,0.015776184,0.20733805
20171205-134151-2.jpg,8,0,0.6061244,0.27436337,6.015907e-05,0.00037861354,0.00057432333,0.00031413342,9.0745185e-05,0.065739174,0.052355088
20171205-134600-2.jpg,8,8,7.0536362e-05,0.00056653661,2.88699e-06,8.1186823e-06,1.7269809e-06,1.8855258e-05,1.17049e-05,5.7398353e-05,0.99926224
20171205-134821-2.jpg,8,8,6.5880572e-05,0.0037337389,2.2269065e-06,4.493739e-06,3.8762398e-06,1.968854e-05,0.00015768069,4.7143748e-05,0.99596527
20171205-141003-2.jpg,8,8,1.6969389e-05,4.1568972e-05,1.1652304e-05,1.9346205e-05,7.4732723e-06,0.00056760505,5.5059307e-05,1.6598322e-05,0.99926373
20171205-141149-2.jpg,8,8,4.0511905e-05,0.00089478009,2.3954275e-06,1.1190038e-05,3.830813e-06,0.00033999196,0.00020200602,3.9947169e-05,0.99846535
20171205-141207-2.jpg,8,8,1.4700311e-05,8.7421953e-05,9.5491767e-07,1.7177695e-05,1.5998375e-06,0.0010595525,0.00028511515,0.0001165354,0.99841694
20171205-141347-2.jpg,8,8,0.0001316269,0.00080778342,2.4283434e-06,2.7305262e-05,4.4242951e-06,0.0016801401,4.2114138e-05,3.5513657e-05,0.99726866
20171205-143227-2.jpg,8,8,0.00043101019,0.00015041164,1.1003757e-05,0.00017235958,1.6508107e-05,0.051450076,0.00043340379,7.5845557e-05,0.94725938
20171205-143444-2.jpg,8,8,0.00038985479,1.4234764e-05,3.1947958e-05,0.00047997378,2.0524105e-05,0.0052540494,0.00040601201,0.00017626373,0.99322714
20171205-143514-2.jpg,8,8,0.0036080108,8.5398723e-05,4.2472882e-05,0.0014620263,5.4376862e-05,0.0064404746,0.00032746911,0.0011173974,0.98686237
20171205-144102-2.jpg,8,8,0.00062039482,9.3217167e-05,1.6495907e-05,0.00028162294,2.1264865e-05,0.0091843748,0.00025282081,0.00018766084,0.98934215
20171205-144132-2.jpg,8,8,0.00054213048,9.557454e-05,1.4987482e-05,0.00035953645,1.6366968e-05,0.0023638426,0.00039435787,0.00029260531,0.9959206
20171205-144342-2.jpg,8,8,1.6672797e-05,2.706062e-05,2.9318694e-06,4.8565176e-05,1.1371388e-06,0.00043379291,0.00046515347,9.5872579e-06,0.9989951
20171205-144424-2.jpg,8,8,2.5197964e-05,0.00028916959,2.3614611e-06,8.6691558e-05,5.686263e-06,0.002519695,0.00047996737,2.1764496e-05,0.99656947
20171205-144647-2.jpg,8,5,0.00027956511,0.00093180898,4.7194809e-06,8.8963723e-05,8.7518358e-06,0.97148042,0.00043890063,8.0583778e-05,0.026686288
20171205-144841-2.jpg,8,8,9.5611301e-05,0.010088784,8.5788313e-06,0.00059197572,2.1455804e-05,0.0026453406,0.00512636,0.00011234316,0.98130955
20171205-144912-2.jpg,8,8,0.00038412238,0.021834143,1.6035017e-05,0.0019734102,1.7331639e-05,0.027527769,0.0011616742,0.00031081647,0.9467747
20171205-144945-2.jpg,8,8,0.00097599164,0.0071618495,3.3651662e-05,0.006211419,0.00058920257,0.00011554017,0.04729337,0.0013904351,0.93622854
20171212-092921-3.jpg,8,8,2.0874291e-06,2.5997547e-05,3.3807388e-06,2.4771405e-06,4.178737e-06,3.9947522e-06,2.2089286e-05,1.0065682e-05,0.99992573
20171212-093006-3.jpg,8,8,1.7718771e-06,1.2814027e-05,5.9713133e-07,1.1169435e-05,3.2536695e-07,2.948041e-06,1.2144365e-05,1.2281639e-05,0.99994595
20171212-093146-3.jpg,8,8,5.4974324e-06,6.1914272e-05,3.7979113e-06,1.2890793e-05,2.2785794e-06,4.1751431e-05,0.0004589998,1.3734744e-05,0.99939914
20171212-093539-1.jpg,8,8,1.4850817e-05,5.850604e-06,3.2369659e-06,7.0140201e-05,2.2586697e-06,3.6027661e-05,0.00014376433,5.8277379e-05,0.99966559
20171212-093551-1.jpg,8,8,0.00013795711,9.8093499e-05,8.4617522e-06,0.00040349406,3.870889e-06,0.00014692858,0.00075337675,8.2269592e-05,0.99836555
20171212-093606-3.jpg,8,8,0.0001082195,0.0002359703,7.6197045e-05,0.0001075742,5.9023328e-05,0.00024891375,0.005545457,0.00086842263,0.99275022
20171212-093616-1.jpg,8,8,9.4451035e-06,1.9992591e-05,1.895224e-06,3.9594109e-06,9.9825625e-07,2.9244516e-05,0.00012778993,8.2133686e-06,0.99979846
20171212-093708-1.jpg,8,8,3.1112207e-06,2.6203572e-05,1.4630661e-06,1.681756e-05,1.9193668e-06,8.4588787e-06,0.00017084386,2.7827551e-05,0.99974335
20171212-093714-3.jpg,8,8,1.7490024e-06,8.0170297e-06,1.0844103e-06,6.8952536e-07,4.766864e-06,1.4481404e-06,1.6319777e-06,2.3679611e-06,0.99997825
20171212-093855-1.jpg,8,8,2.778168e-05,0.00021661976,4.7485741e-06,0.0001248114,7.0786551e-06,1.968387e-05,0.0005931077,0.00010329993,0.99890287
20171212-093911-3.jpg,8,8,1.2025964e-06,8.6017479e-06,3.150188e-07,1.1904824e-05,5.7631581e-07,2.0116741e-06,3.5249658e-05,8.7968081e-06,0.99993134
20171212-093958-1.jpg,8,8,1.3346193e-05,5.0220577e-05,5.9201196e-06,9.0139126e-05,2.0876943e-06,2.63333e-05,0.00016629166,0.00016165165,0.99948401
20171212-094134-1.jpg,8,8,3.0974088e-05,6.4363838e-05,5.9201344e-06,0.00040327133,5.5894517e-06,0.00018766254,0.00027325756,0.00012753959,0.99890142
20171212-094144-1.jpg,8,8,0.0020777612,0.00056554531,4.6868401e-06,0.00057319489,1.5687619e-05,7.1147457e-05,2.7292523e-05,0.0016423547,0.99502233
20171212-094300-3.jpg,8,8,2.7539426e-05,5.910095e-05,2.3332269e-06,0.00017906592,2.8217754e-06,1.9997877e-05,0.00016904129,6.8696029e-05,0.9994714
20171212-094300-1.jpg,8,8,0.00019628917,0.0002270351,1.0601652e-05,0.0038730035,1.5043613e-05,8.4275914e-05,0.00042444324,0.00075651317,0.99441279
20171212-094313-1.jpg,8,8,1.6843482e-05,2.4133347e-05,1.5512152e-06,0.00017881188,1.9724094e-06,2.8353352e-05,6.4406905e-05,5.6683773e-05,0.99962724
20171212-094409-1.jpg,8,8,1.1672004e-05,5.8180525e-06,1.7893146e-06,5.840576e-05,1.3385624e-06,7.3124606e-05,3.9648221e-05,8.192193e-05,0.99972628
20171212-094427-3.jpg,8,8,1.6477681e-05,6.1314306e-05,1.0444633e-06,9.6444492e-06,8.003215e-07,8.0694591e-06,4.2578058e-05,4.9814432e-06,0.99985509
20171212-094459-1.jpg,8,8,5.0969224e-05,2.9063464e-05,1.2712826e-05,0.00044252015,6.4210874e-06,0.00020219759,0.0004166671,0.00016560972,0.99867384
20171212-094532-1.jpg,8,8,4.8592402e-06,6.6013019e-06,7.1806164e-07,3.8659961e-06,9.4025358e-07,5.8797707e-06,3.0015125e-06,1.5170804e-05,0.99995896
20171212-094611-1.jpg,8,8,1.940649e-05,8.7891758e-06,1.525772e-06,6.9325344e-05,3.4401875e-06,1.7782774e-05,4.9184721e-06,0.00015268116,0.99972213
20171212-094623-3.jpg,8,8,3.0089039e-05,0.00012480368,2.027402e-06,7.4881706e-05,1.2660277e-06,1.7834818e-05,0.00021448646,0.00020463517,0.99932998
20171212-094655-3.jpg,8,8,2.3708444e-06,5.5187838e-06,1.0293299e-06,2.018474e-06,2.2885807e-06,4.8994396e-06,2.3184716e-05,4.065798e-06,0.99995462
20171212-094711-1.jpg,8,8,9.8630917e-05,0.000168006,9.2704532e-06,0.0020362161,6.7256911e-06,5.5918373e-05,0.00020237601,5.336533e-05,0.99736949
20171212-094741-1.jpg,8,8,1.1558092e-05,9.088224e-06,1.641169e-06,9.3219244e-05,2.0934824e-06,6.4180858e-05,0.0002392549,7.7187344e-05,0.99950178
20171212-094756-1.jpg,8,8,1.5656212e-05,4.783527e-05,1.2994504e-06,5.9388554e-05,2.5098026e-06,8.4167508e-05,0.00011076827,6.0098759e-05,0.99961828
20171212-094855-3.jpg,8,8,3.743368e-05,0.00026822134,1.0341109e-06,5.277077e-06,1.4191281e-06,1.9914507e-05,5.1779515e-05,4.0144766e-05,0.99957478
20171212-094932-1.jpg,8,8,1.5264044e-05,0.00012649255,3.5317131e-06,0.0008310665,3.341889e-06,3.0516715e-05,0.00013583569,0.00013475689,0.99871919
20171212-095021-3.jpg,8,8,3.1599933e-06,0.00024846653,3.7986492e-06,1.8931661e-06,4.7641623e-06,2.5902548e-06,0.00011390453,3.8123548e-06,0.99961761
20171212-095057-1.jpg,8,8,1.0232871e-05,7.1859298e-05,3.0367272e-05,8.0588856e-05,5.8871073e-06,8.1542299e-06,0.00026993422,2.6128571e-05,0.99949685
20171212-095308-3.jpg,8,8,1.5502656e-05,4.7884086e-05,4.7682791e-06,2.4474344e-05,4.491997e-06,1.1923572e-05,0.00023537242,0.00019123448,0.99946435
20171212-095344-3.jpg,8,8,2.5407622e-05,2.4038162e-05,1.9527834e-05,2.198078e-05,6.3096251e-06,1.0634285e-05,0.00013511817,0.00011916001,0.99963782
20171212-095346-1.jpg,8,8,7.4221484e-06,1.7799906e-05,1.5502661e-06,9.50609e-05,1.2676661e-06,5.016212e-06,2.090671e-05,2.8995977e-05,0.99982198
20171212-095400-3.jpg,8,8,1.4379383e-05,8.9605516e-05,7.5206397e-06,1.0323378e-05,7.7439643e-06,3.1171896e-05,0.0033469984,0.00011219868,0.99638006
20171212-095412-3.jpg,8,8,0.00021110262,0.00051535947,7.0817484e-05,0.00014153272,1.8474924e-05,0.00013623539,0.015537156,0.00027010309,0.98309922
20171212-095425-3.jpg,8,8,1.5150265e-05,4.6886672e-05,1.1385627e-05,3.7903207e-05,5.6360443e-06,1.1694323e-05,0.0008466077,0.00015952083,0.99886522
20171212-095519-3.jpg,8,8,1.4598868e-05,7.1342653e-05,7.9491997e-07,7.2362612e-05,1.02331e-06,2.6128421e-06,4.7482729e-05,1.5295952e-05,0.99977449
20171212-095558-1.jpg,8,8,7.3957977e-06,1.0624418e-05,9.418598e-07,5.0977711e-05,3.2652249e-06,1.6300381e-05,7.5079164e-05,4.7387948e-05,0.99978803
20171212-095618-3.jpg,8,8,2.3413421e-05,3.4473165e-05,6.8180528e-07,5.1630062e-06,5.8781231e-07,1.5865999e-06,1.9217832e-05,6.9954959e-05,0.99984492
20171212-095632-1.jpg,8,8,6.984544e-06,3.9346875e-05,6.0332646e-07,2.7868832e-05,6.6473215e-07,1.827953e-05,8.0679787e-05,4.1494688e-05,0.99978408
20171212-095706-1.jpg,8,8,0.0048189403,0.01927127,0.00013122196,0.0019262282,0.00035493189,0.04561679,0.0022759502,0.009553383,0.91605129
20171212-095738-3.jpg,8,8,8.9951453e-06,2.032788e-05,6.0854459e-07,1.7789979e-05,5.4660193e-07,6.2129423e-06,6.8989138e-05,4.7089987e-05,0.99982944
20171212-095844-1.jpg,8,8,1.3679782e-05,1.7888247e-05,7.7112596e-06,0.00016374001,2.0875022e-06,4.0973266e-05,0.00018840219,5.5298035e-05,0.99951022
20171212-095920-1.jpg,8,8,0.00037832698,0.0020767398,9.2475593e-06,0.00047228249,1.0931535e-05,0.00032803937,0.0001333141,0.00096143223,0.99562969
20171212-095921-3.jpg,8,8,9.2542881e-05,0.00012167236,6.286614e-06,5.4055216e-05,5.2991685e-06,3.7643473e-05,8.4629188e-05,0.0016656598,0.99793221
20171212-095934-3.jpg,8,8,1.6635822e-05,7.6604532e-06,8.8358438e-07,2.2992967e-06,2.9346522e-06,2.4072971e-06,1.067418e-05,1.9883022e-05,0.99993662
20171212-095946-1.jpg,8,8,5.6984821e-06,9.5618873e-06,4.0314705e-07,1.0503401e-05,2.1255706e-06,2.1158984e-05,1.4635433e-05,6.3466102e-05,0.99987245
20171212-100032-1.jpg,8,8,0.00026131787,0.00021878168,4.5171635e-05,0.002027688,2.1660621e-05,0.0001219319,0.00067086266,0.00037264514,0.99625994
20171212-100128-1.jpg,8,8,7.794263e-06,4.2924626e-06,1.2781115e-06,1.0523821e-05,1.6924364e-06,1.8782378e-05,1.9005994e-05,3.5311462e-05,0.99990132
20171212-100154-3.jpg,8,8,1.9472715e-05,4.0653595e-05,1.7284798e-05,0.00013326941,8.4983127e-06,5.4318807e-05,0.0014840372,0.00028833979,0.99795413
20171212-100236-3.jpg,8,8,2.9095286e-05,2.893721e-05,6.4919785e-06,2.7456018e-05,1.0574051e-05,1.9033387e-05,0.00018237512,0.00026262762,0.99943341
20171212-100257-1.jpg,8,8,2.2942123e-06,1.7949003e-05,5.2511336e-07,1.2303379e-05,8.6245729e-07,5.526101e-06,3.6675074e-05,4.1370926e-05,0.99988249
20171212-100328-1.jpg,8,8,9.8101755e-06,5.5852682e-05,2.037642e-06,9.0654283e-06,7.3488079e-07,3.0362999e-06,1.0985925e-05,6.6715391e-06,0.99990181
20171212-100359-1.jpg,8,8,4.599044e-05,0.0014242364,3.9580549e-06,0.00014541346,6.2601341e-06,0.00019424185,0.0011152504,0.00028574847,0.9967789
20171212-100403-3.jpg,8,8,1.2179415e-05,5.8761225e-05,1.0639965e-06,3.5758316e-05,8.258336e-07,2.2026383e-05,0.00019516943,0.0002299368,0.99944428
20171212-100412-1.jpg,8,8,0.00038787773,0.0022796709,1.6959353e-05,0.0036893404,2.2352736e-05,6.3859173e-05,7.7096755e-05,0.00013377354,0.99332907
20171212-100437-3.jpg,8,8,1.2594024e-05,7.6570652e-06,9.2836274e-07,4.1425058e-06,2.5066177e-06,0.00013401079,3.8215721e-05,8.2502235e-05,0.99971744
20171212-100531-3.jpg,8,8,2.2939167e-06,7.4322068e-06,2.9960077e-07,6.1957521e-06,6.4490064e-07,2.540919e-05,8.4502012e-06,2.4724071e-05,0.99992455
20171212-100553-3.jpg,8,8,5.4739749e-06,7.1373872e-06,5.4838148e-07,2.3945901e-06,8.5758105e-07,8.8211573e-06,4.7784825e-05,5.008064e-05,0.9998769
20171212-100614-3.jpg,8,8,7.5025377e-05,5.5909162e-05,1.0757337e-05,7.6630862e-05,1.239617e-05,7.2346812e-05,0.0041641349,0.0018268546,0.99370594
20171212-100627-1.jpg,8,8,6.7290965e-05,7.5193795e-05,4.2253574e-05,0.00045384139,8.5336656e-06,0.00024034023,0.0082942581,0.0011990701,0.98961922
20171212-100705-1.jpg,8,8,8.207946e-05,0.00040211902,2.1707485e-05,5.959715e-05,4.1799994e-06,4.5846044e-05,0.00056550586,0.010077042,0.98874192
20171212-101605-3.jpg,8,8,0.028725414,0.0017494474,0.0013565454,0.00026857578,0.0087167288,6.1331237e-05,5.7259756e-05,0.0034375015,0.9556272
20171212-101707-3.jpg,8,8,0.00025465587,1.9995749e-05,2.6403377e-05,0.00010448663,2.7857327e-05,3.324446e-06,0.00014240282,0.00031954442,0.99910133
20171212-101811-3.jpg,8,7,0.0049721051,0.0026006182,6.1166229e-05,0.00037368333,7.8998518e-05,9.0391703e-06,0.0001147378,0.71741627,0.27437338
20171212-102030-3.jpg,8,8,0.00014471281,0.0007038698,5.410241e-06,3.5190156e-05,2.4085586e-06,6.2739397e-06,4.3691046e-05,0.00017658552,0.99888186
20171212-102031-3.jpg,8,8,0.010262857,0.0059847507,8.7409871e-05,0.0012763801,9.1339478e-05,1.8086769e-05,0.00039733739,0.021523211,0.96035863
20171212-102128-3.jpg,8,8,7.5865074e-05,7.2816101e-05,1.3109152e-06,2.1137336e-05,4.6119162e-06,7.560801e-07,2.9014626e-05,7.053268e-05,0.99972396
20171212-102223-3.jpg,8,8,0.0001117276,0.00010624479,1.3090866e-06,7.4768807e-05,1.04847e-06,1.1850106e-06,4.2068706e-06,4.9142652e-05,0.99965037
20171212-102312-3.jpg,8,8,0.0010810654,2.4852473e-05,8.7201044e-05,7.3743354e-05,1.0487403e-05,3.0889828e-06,1.1492198e-05,0.010925135,0.98778293
20171212-102352-3.jpg,8,8,0.0034822182,0.00018997737,2.8008719e-05,0.00016639584,4.4776996e-05,1.3128868e-05,0.00036588348,0.0049824696,0.99072714
20171212-102425-3.jpg,8,8,0.0032785474,0.0020392229,6.0492821e-06,8.0793553e-05,3.0800964e-05,3.7000585e-06,0.00029250051,0.002649555,0.99161883
20171212-102523-3.jpg,8,8,0.00012710026,0.00088068282,3.2317344e-06,2.2514474e-05,3.6544275e-06,5.4622783e-06,0.00026164412,0.00046729305,0.99822842
20171212-102803-3.jpg,8,8,0.0016525993,0.013506637,1.1419536e-05,4.1209799e-05,1.974318e-05,1.586726e-05,0.00065546349,0.0015574965,0.98253956
20171212-102928-3.jpg,8,8,3.5062532e-05,0.00025983373,3.4177978e-05,0.00013471702,8.4627697e-06,3.0238195e-06,0.00033753519,8.339574e-05,0.99910379
20171212-103805-3.jpg,8,8,0.00094910559,0.0035706264,3.2323955e-05,4.2595771e-05,1.7826435e-05,2.6079557e-06,0.00021956106,0.00059206617,0.99457329
20171212-103853-3.jpg,8,8,0.00050765279,0.0026344586,0.00022592234,0.00022776263,3.0634798e-05,5.5647838e-05,0.00089334996,0.0011364702,0.9942881
20171212-104215-3.jpg,8,8,4.9921281e-05,9.3554181e-05,0.00010685582,0.00016587167,2.8282526e-05,3.2420765e-06,5.1230124e-05,1.3055803e-05,0.99948799
20171212-104309-3.jpg,8,8,9.6347476e-05,0.00024212064,7.5608944e-06,0.00061931731,8.109022e-06,1.8086821e-05,0.00012307119,0.0004115986,0.99847379
20171212-104332-3.jpg,8,8,0.0051765849,0.06614584,0.00068677176,0.00010549585,4.0828931e-05,0.00011048334,0.00035542311,0.059606479,0.86777209
20171212-104850-3.jpg,8,8,2.522607e-05,5.6255545e-05,1.9029187e-06,1.5296617e-05,1.6047588e-06,8.0979549e-05,1.8767965e-05,3.9465772e-05,0.9997605
20171212-104939-3.jpg,8,8,0.00014139095,5.4829106e-05,2.8404384e-06,2.761587e-05,4.2556567e-06,0.00023857125,3.1061403e-05,0.00020449212,0.99929494
20171212-105011-3.jpg,8,8,2.3949082e-05,4.2453201e-05,8.2660643e-06,4.7012388e-05,6.9038651e-06,4.5139348e-05,3.5447551e-05,0.00030910792,0.99948172
20171212-105035-3.jpg,8,8,6.0796705e-06,4.1032559e-05,4.2178654e-06,3.5894875e-06,1.867245e-06,5.0562231e-05,1.5549124e-05,1.3308999e-06,0.99987577
20171212-105237-3.jpg,8,8,0.0088437642,0.00083058708,0.00064622231,0.00026192779,9.5881638e-05,1.1494851e-05,0.0010800263,0.056299994,0.9319301
20171212-105254-3.jpg,8,8,0.00014842942,0.004916779,0.00019639846,0.00025823312,3.7236376e-05,3.2027474e-06,0.00034399118,0.0023365113,0.99175922
20171212-105430-3.jpg,8,8,0.000946345,0.0015663333,0.0002879713,0.00027051052,0.00013628339,4.4748982e-06,0.00095035348,0.0016921583,0.99414557
20171212-105614-3.jpg,8,8,1.5749176e-05,0.00068092289,1.2161849e-05,4.2345777e-05,4.1161173e-06,3.6491721e-07,6.4142853e-05,5.7942858e-05,0.99912225
20171212-105731-3.jpg,8,8,0.00073083404,0.014229106,0.0002051007,0.00043533779,3.7149229e-05,1.3588331e-05,0.003544782,0.016887154,0.96391695
20171212-105742-3.jpg,8,8,8.7022962e-06,0.0004994341,4.3238768e-06,6.311973e-06,6.598355e-06,6.4576434e-07,0.00010457092,3.0788508e-05,0.99933862
20171212-110050-3.jpg,8,8,5.5741791e-05,3.9478072e-05,1.8899387e-05,0.00058588238,7.0601784e-05,6.483433e-07,3.4443256e-05,6.0739427e-05,0.99913357
20171217-103432-2.jpg,8,8,0.00043031874,0.0001680207,3.3119514e-05,0.00042909037,2.4492028e-05,0.0095766831,0.00026466001,0.00013346086,0.98894015
20171217-103537-2.jpg,8,8,0.00030553184,0.0011633427,5.7036647e-06,4.0622539e-05,6.6156538e-06,0.0019666817,2.51426e-05,0.00011924386,0.99636712
20171217-103616-2.jpg,8,8,0.001581507,0.0010147172,0.00038394949,0.0035745914,0.00035702208,0.075866925,0.0023230273,0.00024591667,0.91465234
20171217-115550-2.jpg,8,8,0.0057022638,0.00086096967,0.00018142423,0.0015378586,8.9832901e-05,0.0015067893,0.0022747829,0.18833921,0.79950687
20171217-183442-2.jpg,8,8,0.0050339244,0.00046499613,0.0001840879,0.0034441118,0.00027214252,0.17264272,0.00043199891,0.0027321802,0.81479384
20171217-183506-2.jpg,8,5,0.011622483,0.0012769228,0.00032741983,0.009102532,0.00035408231,0.69000664,0.00037835806,0.0057309344,0.28120063
20171217-183514-2.jpg,8,8,0.003458557,0.00066492751,0.00045505833,0.0014471828,0.00030324364,0.047981534,0.00023681446,0.0048028348,0.94064985
20171217-183635-2.jpg,8,8,0.00047147082,0.00011658041,2.6775074e-06,0.00054941289,5.0403747e-05,0.00078205018,6.1691771e-05,8.2220263e-05,0.99788349
20171217-183729-2.jpg,8,4,0.013329161,0.0003317657,0.001041506,0.024881018,0.94167132,0.0001739899,3.7227606e-05,0.00034798693,0.018186029
20171217-183949-2.jpg,8,8,0.00023345694,3.5489096e-05,4.1082022e-06,0.00081996955,2.9080207e-05,0.0020958879,3.1890438e-05,8.2976553e-05,0.99666714
20171217-184011-2.jpg,8,8,7.1424145e-05,6.1985046e-05,2.2450129e-06,3.230089e-05,4.1007436e-06,0.00041453944,4.6730801e-05,2.7882323e-05,0.99933879
20171217-184047-2.jpg,8,8,8.6159049e-05,0.0051547275,4.374857e-06,5.8185569e-05,2.6916809e-05,2.9115996e-05,0.0027507303,3.7914745e-05,0.99185188
20171217-184108-2.jpg,8,8,0.00087264069,0.0012183094,0.00010625538,0.00035108848,0.00035175675,0.00061315194,0.00011743776,0.0010967122,0.99527265
20171217-184116-2.jpg,8,8,0.0087840921,0.0034624934,4.6227142e-05,0.0021659422,0.00011713759,0.00075753307,0.00038958168,0.0020578544,0.98221914
20171217-184519-2.jpg,8,8,0.00040476706,0.0008555153,1.3198187e-05,0.0010707108,2.8882237e-05,0.10947272,0.00062507414,0.00048672641,0.88704241
20171217-184608-2.jpg,8,8,0.00030340286,0.0012184909,3.8781231e-05,0.0015532283,0.00016264206,0.030765954,0.013021853,0.00041371272,0.95252194
20171217-184732-2.jpg,8,8,0.0001650806,0.00024794021,8.5542346e-06,0.00019227637,1.9608457e-05,0.0050952804,0.0012521505,0.00024561812,0.99277349
20171217-185004-2.jpg,8,8,3.1061598e-05,6.0818005e-05,2.0051643e-05,6.9823851e-05,8.1715663e-06,0.00020596633,3.5124318e-05,4.0945247e-05,0.99952804
20171218-103414-2.jpg,8,8,0.0008406286,0.2341991,0.0011802102,0.00019765986,0.0006626387,0.00016021549,0.0058917765,0.0020881167,0.75477965
20171218-103624-2.jpg,8,8,0.0029776686,0.0066932902,0.0042715161,0.0022505254,0.0004431822,0.00033061562,0.043123459,0.01810576,0.92180398
20171218-103929-3.jpg,8,8,1.5691329e-05,1.2847613e-05,1.9253251e-06,7.5575926e-06,2.168121e-06,3.8148841e-07,1.8304695e-06,1.5841709e-05,0.99994176
20171218-104002-3.jpg,8,8,5.7495508e-05,2.3917625e-05,6.7321206e-06,9.0363257e-05,3.9616482e-06,2.374337e-06,0.00039245383,0.00053265195,0.99889005
20171218-104122-3.jpg,8,8,1.7074648e-05,1.5633125e-05,5.9602283e-07,4.625004e-06,1.8787899e-06,0.00016081506,2.8358741e-05,1.8974875e-05,0.99975204
20171218-104150-2.jpg,8,8,1.5581539e-05,0.00015111782,1.6237214e-06,7.850475e-06,2.4164152e-06,2.8160966e-06,6.3375518e-05,0.00055770957,0.99919751
20171218-104227-2.jpg,8,8,0.0005139942,0.0029363877,2.3052674e-05,0.0017039853,1.7700283e-05,0.0059670699,0.00073849656,0.0030521927,0.98504712
20171218-104431-2.jpg,8,8,5.4456849e-05,0.00019859512,5.6470994e-06,4.7474796e-05,1.0797807e-05,1.0658829e-05,0.00022406165,6.1151663e-05,0.99938716
20171218-104826-3.jpg,8,8,1.7095757e-05,5.5937604e-05,1.575854e-06,2.3727226e-05,1.2047978e-06,6.843867e-05,0.00016270385,1.6143174e-05,0.99965317
20171218-104904-3.jpg,8,8,0.00051175307,0.0084700162,5.4269449e-06,2.3682128e-05,1.6676813e-06,0.0007812254,0.00043556278,0.00061070111,0.98915996
20171218-104928-2.jpg,8,8,6.6124389e-05,0.00092625139,4.1700091e-06,2.7398271e-05,5.3595474e-06,3.0703672e-05,6.9382136e-05,1.1519868e-05,0.99885909
20171218-105052-2.jpg,8,8,0.0029029953,0.0038761735,0.00056530649,0.00012970485,0.00024043658,2.2467702e-05,3.4076061e-05,0.00024898355,0.99197986
20171218-105147-2.jpg,8,8,0.00010663235,1.509569e-05,8.3012521e-07,1.3442538e-05,1.0422261e-06,1.0063786e-05,5.4042708e-06,2.4234566e-05,0.99982325
20171218-105200-2.jpg,8,8,0.0012419281,5.0225165e-05,5.9616547e-06,4.3137996e-05,1.0358583e-05,3.5683481e-05,0.00030575356,0.00037348154,0.99793347
20171218-105319-3.jpg,8,8,2.5593425e-05,0.0003971114,7.5619933e-07,3.3827214e-06,8.3902119e-07,2.208372e-05,0.00012133502,8.7045545e-06,0.99942019
20171218-105544-3.jpg,8,8,0.00035781043,0.0095122503,1.7646427e-05,4.0052673e-05,1.0337214e-05,2.6525639e-05,0.002942174,0.005233807,0.9818594
20171218-105746-3.jpg,8,8,5.1011344e-05,7.5680301e-05,4.3057635e-06,0.00014655646,1.5913628e-06,0.00010435456,0.00016803997,5.7276976e-05,0.99939118
20171218-105835-3.jpg,8,8,2.9021306e-05,5.697039e-05,9.4589781e-07,0.00011776026,1.2708754e-06,4.8766898e-05,0.00012132379,0.00017012009,0.99945382
20171218-110251-3.jpg,8,8,0.00073335782,0.19406906,3.1865936e-05,6.4128197e-05,1.1242512e-05,0.00048382113,0.0045609009,0.00061804654,0.79942757
20171218-110305-2.jpg,8,8,8.950833e-05,7.2566339e-05,1.510993e-06,4.4560737e-06,1.9217752e-06,1.762932e-05,1.3497701e-05,0.00011519232,0.99968372
20171218-110342-2.jpg,8,8,3.395483e-05,5.274111e-05,2.5491642e-06,0.00021348882,5.2922114e-06,2.181217e-05,2.2890142e-05,7.4925444e-05,0.99957235
20171218-110357-2.jpg,8,8,8.8516351e-06,0.0001057525,3.7897709e-06,3.2505063e-05,3.5116098e-06,0.00033710845,0.0001642086,1.416139e-05,0.99933011
20171218-110527-2.jpg,8,8,9.9922444e-05,0.0032835558,6.0229112e-06,5.2142474e-05,4.6197476e-06,3.6706927e-05,0.00015501992,0.00011900754,0.996243
20171218-110555-3.jpg,8,8,3.5243208e-05,8.1768062e-05,2.1738236e-06,7.4331534e-05,4.434805e-06,4.9265345e-05,3.64268e-05,1.7666961e-05,0.99969869
20171218-110809-3.jpg,8,8,0.034343195,0.0025640243,0.0059620245,0.00063012418,0.0011051417,0.020023892,0.0004736222,0.0007685644,0.93412941
20171218-110810-3.jpg,8,8,0.00023045345,0.00014167004,3.4152233e-05,0.00011967192,6.645367e-06,0.0011848483,0.00048358726,0.0001121278,0.99768684
20171218-110916-2.jpg,8,8,0.011135373,0.0002231539,0.0014376788,0.0009218382,9.5348578e-05,0.00023997706,0.001818292,0.057439019,0.92668932
20171218-110942-3.jpg,8,8,2.2869816e-06,2.3290569e-05,4.6029554e-07,6.0473356e-06,5.6690041e-07,9.6825744e-06,6.4769394e-05,1.2372314e-05,0.99988052
20171218-111008-3.jpg,8,8,0.00030777499,0.0001823448,2.0066774e-05,4.7594408e-05,1.7392707e-05,0.0013446186,0.00018567731,3.301398e-05,0.99786152
20171218-111019-2.jpg,8,8,0.21480674,0.0021786964,0.00012962471,0.0035665315,0.0056953783,1.718704e-05,0.00037155398,0.0052112497,0.76802304
20171218-111124-3.jpg,8,8,8.1030284e-05,0.00013607925,1.0414933e-05,4.858101e-05,8.4472982e-06,0.00015861762,0.00034981549,3.0566484e-05,0.99917645
20171218-111125-3.jpg,8,8,1.1576496e-05,2.6330512e-05,9.5268848e-07,1.4267362e-05,2.5419094e-06,6.8525362e-05,9.4690307e-05,1.3271553e-05,0.99976784
20171218-111152-2.jpg,8,8,0.0066232198,0.00018869947,0.00015838478,0.00020763822,8.2125227e-05,4.9438234e-05,2.4279082e-05,0.00041315337,0.99225306
20171218-111211-3.jpg,8,8,0.00027491325,0.00019595946,4.012787e-06,9.1473784e-05,3.3698854e-06,5.5555144e-05,0.00024815674,0.00033519872,0.99879136
20171218-111405-2.jpg,8,8,0.019504372,0.010319657,0.033928758,0.0064324937,0.00041621073,0.0001691318,0.0015552945,0.0091041912,0.91856989
20171218-111415-2.jpg,8,8,0.0012597732,0.00068674247,0.32160779,0.0014379639,0.0018883025,2.5451908e-05,0.00024610819,6.7470083e-05,0.6727804
20171218-111452-2.jpg,8,8,0.003970833,0.0073231053,0.00086410665,0.005209,5.8703837e-05,5.1549876e-05,0.0027617386,0.0095272629,0.9702337
20171218-111506-2.jpg,8,8,0.31790061,0.019184941,0.19455992,0.024048338,0.0027808877,8.2642592e-05,0.0062825703,0.070139812,0.36502028
20171218-111539-2.jpg,8,8,0.15980436,0.00089462235,0.0014765578,0.028362608,0.00010480949,0.00012469312,0.00090720892,0.022729517,0.78559562
20171218-111742-3.jpg,8,8,2.1887334e-05,6.87414e-05,3.6339107e-06,1.2572996e-05,4.6932369e-06,0.00022088758,0.00022129982,2.5803587e-05,0.99942048
20171218-112135-3.jpg,8,8,2.1377974e-05,8.5593096e-06,8.4583662e-07,7.8673078e-06,4.8953011e-07,3.5325511e-05,2.3766277e-05,1.4192233e-05,0.99988758
20171218-112608-3.jpg,8,8,5.5496331e-06,6.6084871e-05,7.938461e-07,9.9041304e-06,1.0430776e-06,1.0684815e-05,0.00013206707,2.2402725e-06,0.99977163
20171218-113230-3.jpg,8,8,2.4878025e-05,2.545094e-05,1.7700012e-06,2.1957863e-05,3.0145123e-06,6.848567e-05,7.5753365e-05,7.191425e-06,0.9997715
20171218-113540-3.jpg,8,8,2.8895229e-05,0.0002267477,2.6253693e-06,4.7468999e-05,2.7270352e-06,0.00066387321,0.0013094763,5.7780924e-05,0.99766041
20171218-114804-2.jpg,8,8,0.0031379919,0.050079807,0.0052036339,0.029667483,0.004908026,0.00047571896,0.00049966836,0.0049862642,0.90104141
20171218-114829-3.jpg,8,8,4.2025755e-05,0.00046572721,6.1489452e-06,0.00013355066,2.9777731e-06,0.0013081284,0.009350966,8.6389227e-05,0.98860409
20171218-115026-3.jpg,8,8,0.00038359089,0.00013619883,5.2528932e-06,8.9120776e-05,5.9128564e-06,0.0010275454,0.0020850602,0.00037960822,0.99588771
20171218-115240-2.jpg,8,8,6.1253552e-06,9.1527646e-05,1.0641538e-06,8.8220446e-06,1.5819212e-06,1.5542636e-05,9.6981371e-05,9.9454534e-06,0.99976841
20171218-115348-3.jpg,8,5,6.9295988e-05,1.178935e-05,2.6381204e-06,3.6156925e-05,4.6211501e-06,0.99344064,3.3737397e-05,1.0779193e-05,0.0063903408
20171218-115503-3.jpg,8,8,4.7855881e-05,4.6458765e-05,1.0800315e-06,1.5743132e-05,9.3786716e-07,0.00014673016,8.1266914e-05,1.1067944e-05,0.99964886
20171218-120003-3.jpg,8,8,2.2814791e-05,1.0586419e-05,2.2244879e-06,5.7572461e-06,1.1022494e-06,0.0002057677,0.00010454415,4.837694e-05,0.99959883
20171218-120009-2.jpg,8,8,1.2061604e-05,2.4842553e-05,1.2189277e-06,1.6895847e-05,1.2911767e-06,7.2349544e-05,0.00024168515,5.3058078e-05,0.9995766
20171218-120115-3.jpg,8,8,2.7017714e-06,4.2329592e-06,9.0092633e-07,6.0014061e-06,5.8506183e-07,0.00010229436,0.00016490268,1.2651755e-05,0.99970573
20171218-120204-2.jpg,8,8,2.7735294e-05,8.489268e-06,4.1864576e-07,4.3969885e-05,3.593153e-06,1.1766129e-05,4.94596e-06,1.0214989e-05,0.99988887
20171218-120252-2.jpg,8,8,6.8619003e-06,2.5117909e-05,1.2323503e-06,2.3426442e-05,2.5063627e-06,2.8067609e-05,0.00035243309,4.3287123e-05,0.99951707
20171218-120446-2.jpg,8,8,2.2167811e-05,5.6321578e-05,1.7570423e-06,4.8233414e-05,5.2009175e-06,4.1614126e-05,0.00048534197,3.3814465e-05,0.99930555
20171218-120628-2.jpg,8,8,9.3033939e-05,1.6383854e-05,3.6411191e-07,2.6355827e-05,5.865061e-06,1.4913351e-05,2.2687984e-05,5.6252498e-05,0.99976414
20171218-120712-2.jpg,8,8,8.1646584e-06,5.0874911e-06,5.014536e-07,1.4117258e-05,2.085802e-06,8.3927357e-06,3.3814099e-05,4.8951605e-06,0.99992294
20171218-120733-3.jpg,8,8,0.00016278866,0.044160194,8.4095353e-05,4.463789e-05,8.6482834e-05,0.00031312503,0.045900553,0.0001956251,0.9090525
20171218-120814-2.jpg,8,8,2.8320404e-05,1.764688e-05,3.7707919e-07,9.7594557e-06,7.6363163e-07,7.5409098e-06,4.8834347e-06,7.5166127e-06,0.99992319
20171218-120855-2.jpg,8,8,9.1980196e-06,1.1836343e-05,8.2987039e-07,7.7632685e-06,1.6381132e-06,1.2470026e-05,7.1003742e-05,9.4996373e-06,0.99987576
20171218-120917-3.jpg,8,8,1.2518221e-05,0.00016413087,1.4542636e-06,4.695831e-05,1.4610168e-06,0.00013171484,0.0041230223,0.00017699531,0.99534174
20171218-121152-3.jpg,8,6,8.8876813e-05,0.033359622,0.00010022717,2.9620264e-05,1.3475356e-05,0.0011525465,0.76199878,0.0012518472,0.20200501
20171218-121231-3.jpg,8,8,3.3165324e-05,0.00092969825,1.1816208e-05,7.8669875e-06,3.0254452e-06,0.002699197,0.0010067736,2.5215717e-05,0.99528324
20171218-121237-2.jpg,8,8,5.906465e-05,6.5945205e-06,4.3476334e-07,1.3950725e-05,2.1105453e-06,2.5564417e-05,2.5389648e-05,1.7826108e-05,0.99984906
20171218-121328-3.jpg,8,8,1.8222524e-05,0.00039106284,1.476595e-06,6.2065524e-06,8.4080185e-07,5.4760472e-05,0.0017303902,3.1483146e-05,0.99776556
20171218-121356-2.jpg,8,8,8.2675657e-05,4.3763823e-05,2.8937653e-06,0.00013028826,2.839281e-06,0.00011052555,0.0002340708,8.786648e-05,0.99930508
20171218-121457-3.jpg,8,8,0.0015533553,0.009330933,6.3866225e-05,0.00016918508,6.7228123e-05,0.29358328,0.001178152,0.00076582447,0.69328818
20171218-121510-3.jpg,8,8,0.0019829679,0.0076703171,4.4624201e-05,0.00016272485,1.4542207e-05,0.019324523,0.022404456,0.00073175031,0.94766409
20171218-121638-2.jpg,8,8,4.7152093e-05,0.00035426378,6.2189543e-06,2.5870384e-05,6.2374593e-06,0.0012868556,0.00038898344,2.830946e-05,0.99785611
20171218-121655-2.jpg,8,8,1.226364e-05,1.3197241e-05,2.7039889e-07,6.609646e-05,2.4988654e-07,1.0922507e-05,5.7781228e-06,2.2156725e-05,0.99986907
20171218-121708-3.jpg,8,8,4.7715142e-05,3.919654e-06,2.1412568e-06,8.7911447e-05,3.2160921e-06,0.0017364694,0.00031190333,1.1036527e-05,0.99779569
20171218-121856-3.jpg,8,8,0.001161827,6.1709387e-05,1.6956109e-05,0.0012010661,4.9143292e-05,0.0041660209,0.00079762219,0.00029320771,0.99225245
20171218-121944-3.jpg,8,8,0.00026423576,2.4883177e-05,4.225382e-06,0.0016861843,6.9430973e-06,0.0014430344,0.00096549581,0.0004533962,0.9951516
20171218-121959-3.jpg,8,8,6.2503256e-05,2.4731971e-05,1.0176052e-05,5.3694879e-05,6.6289055e-06,0.0013194975,0.0012288008,4.1077551e-05,0.99725289
20171218-122026-2.jpg,8,8,6.6584064e-05,0.00030011079,1.9851304e-06,2.1145347e-05,1.2998302e-06,3.5043052e-05,4.342467e-05,6.5639502e-05,0.99946477
20171218-122047-2.jpg,8,8,1.4387659e-05,0.00042644813,1.9394071e-06,3.3499279e-05,4.9920776e-06,1.0166495e-05,0.0017217662,2.932583e-05,0.99775747
20171218-122058-3.jpg,8,8,0.00037083024,4.6939907e-05,4.3720467e-06,0.0059401579,5.2636257e-06,0.00079308337,0.00011228064,0.00011467007,0.9926124
20171218-122135-2.jpg,8,8,2.0718965e-06,1.9691061e-05,4.0940245e-07,8.2209686e-06,4.537482e-07,9.9558644e-06,0.00014554211,1.8702997e-05,0.99979495
20171218-122147-2.jpg,8,8,9.4189787e-06,1.5802485e-05,1.076892e-06,1.1769587e-05,8.30043e-07,4.5111102e-05,0.00011863199,2.5923334e-05,0.99977144
20171218-122156-2.jpg,8,8,4.8427821e-05,2.0961644e-05,3.0323605e-06,2.3414161e-05,2.3774387e-06,0.0002595166,9.3037661e-05,6.0357675e-05,0.99948887
20171218-122235-2.jpg,8,8,3.0213656e-05,4.6414935e-05,3.7901167e-06,2.2698379e-05,2.2248354e-06,0.00020464824,4.76273e-05,3.9971918e-05,0.99960241
20171219-092731-3.jpg,8,8,0.00019439686,5.6948268e-05,1.9064486e-06,0.0010139178,3.0550966e-06,1.1174397e-05,1.7820336e-05,0.00010015158,0.99860063
20171219-092736-2.jpg,8,8,0.00025616754,0.00022537203,7.1021113e-06,0.00086013081,3.7081848e-05,0.00056936604,0.00042914347,0.00050127374,0.99711436
20171219-092807-3.jpg,8,8,0.00011439625,3.5052312e-05,1.318726e-06,0.00021087518,3.2064838e-06,2.5330958e-05,1.9393947e-05,2.9332628e-05,0.99956109
20171219-092922-2.jpg,8,8,0.00071976162,0.0015124145,5.843952e-06,0.0021029428,3.9406333e-05,0.00090020371,0.00029604788,0.00062497993,0.9937984
20171219-093001-2.jpg,8,8,0.0026587738,0.00037904577,7.7000519e-06,0.0015461976,1.6425782e-05,0.00056612941,5.9994351e-05,0.00087775441,0.99388798
20171219-093103-3.jpg,8,8,0.00019040566,0.049458741,8.2452571e-06,7.1493805e-05,6.3545802e-06,0.00012548089,0.00096455331,0.0010785354,0.94809619
20171219-093202-3.jpg,8,8,0.016754431,0.28171373,0.00011492932,5.2612454e-05,8.2463255e-05,5.4494982e-05,0.00073050995,0.054449208,0.64604762
20171219-093257-2.jpg,8,8,0.026268355,0.0013502203,4.7954508e-05,0.00032762053,2.4396103e-05,0.0019625994,0.0002981702,0.0013518581,0.96836883
20171219-093341-3.jpg,8,8,0.0019062139,0.00030204617,3.1430011e-06,0.00014733051,5.9086734e-06,6.295385e-06,4.5054615e-05,0.0027879961,0.99479601
20171219-093659-2.jpg,8,8,1.5594892e-05,6.1152956e-06,6.510527e-07,4.1850704e-06,1.2769886e-06,2.6568313e-06,1.8689128e-06,1.6379108e-05,0.99995127
20171219-093807-2.jpg,8,8,0.00031929251,0.00048010798,9.6474154e-06,4.7997702e-05,1.4765444e-06,0.00018193475,1.6810932e-05,8.6506941e-05,0.99885623
20171219-093904-2.jpg,8,8,0.00038903756,0.00035231182,6.768304e-06,4.4007012e-05,1.5095641e-06,0.00029215344,1.6337296e-05,0.00011429385,0.99878358
20171219-094001-3.jpg,8,8,0.00087405091,0.00582391,1.178612e-05,9.0181123e-05,5.6263192e-05,2.8738112e-05,2.0513851e-05,0.0021064624,0.99098809
20171219-094115-2.jpg,8,8,0.0091275075,0.0054940945,3.3032836e-05,0.00038539763,3.3419587e-05,0.00090102678,0.0004208312,0.00044953187,0.98315516
20171219-094128-3.jpg,8,8,1.9647207e-05,7.1819981e-06,5.5933136e-07,2.3672758e-06,1.2417968e-06,5.9603477e-06,9.007844e-07,7.9734637e-05,0.99988241
20171219-094130-2.jpg,8,8,0.00032582099,9.8629095e-05,2.9955988e-06,0.00025307371,5.9971742e-06,8.1442353e-05,4.2253176e-05,2.6085111e-05,0.9991637
20171219-094213-2.jpg,8,8,0.00023887022,0.00048053355,2.3386322e-06,4.7723158e-05,3.0172334e-06,1.5700067e-05,8.288939e-05,7.2648734e-05,0.99905628
20171219-094325-3.jpg,8,8,9.067454e-06,7.7704205e-05,1.0996905e-06,1.1791767e-05,1.9963115e-06,4.337863e-06,1.8886192e-06,0.00019098638,0.99970113
20171219-094325-2.jpg,8,8,4.8702486e-05,8.4488144e-05,2.9020893e-06,2.8682913e-05,9.5800832e-06,1.335387e-05,0.00021392202,5.5077127e-05,0.99954329
20171219-094335-2.jpg,8,8,1.3273325e-05,0.00012455082,3.5572151e-06,1.5815545e-05,4.9736665e-06,8.7040124e-06,0.00013915427,2.4139348e-05,0.99966583
20171219-094406-3.jpg,8,8,4.8921906e-06,1.61079e-06,2.7897313e-07,9.2672744e-06,2.1131819e-06,7.4820233e-07,8.7896302e-07,8.4985561e-06,0.99997171
20171219-094517-3.jpg,8,8,0.00027759112,2.2738295e-05,1.0799793e-05,1.4060166e-05,1.6542438e-05,0.00027462431,1.836139e-05,5.0669871e-05,0.99931461
20171219-094754-2.jpg,8,8,5.8110434e-05,6.8947394e-05,2.0993433e-06,2.1014977e-05,3.4263991e-06,5.3640196e-05,9.490548e-05,5.692427e-05,0.99964093
20171219-094839-2.jpg,8,8,0.00051470746,0.0006825964,8.7513882e-06,4.4500928e-05,1.8766728e-05,0.00017634355,0.00028237657,0.00037573891,0.99789622
20171219-094915-2.jpg,8,8,0.00033640483,0.00031788799,3.406848e-06,0.00045486047,9.4856449e-06,0.0024904193,0.00023303537,0.00024017162,0.99591433
20171219-094930-3.jpg,8,8,7.4999907e-06,2.5483995e-05,2.7280814e-07,5.9285905e-06,1.8227959e-06,4.8567205e-06,2.2608551e-06,1.0426043e-05,0.99994145
20171219-095036-2.jpg,8,8,4.266384e-05,0.0042785264,2.5472334e-06,6.0271828e-06,7.5049393e-06,0.0001083462,4.0633534e-05,1.0687781e-05,0.99550306
20171219-095140-3.jpg,8,8,2.6459283e-06,4.290685e-06,3.8968923e-07,9.81997e-07,5.2590064e-07,8.9887056e-06,2.5087791e-06,3.2891466e-05,0.99994678
20171219-095213-3.jpg,8,8,2.3403883e-06,1.1447489e-05,5.7590911e-07,5.9133652e-06,3.0661404e-06,4.785178e-06,3.4793046e-06,3.4083086e-06,0.99996498
20171219-095245-2.jpg,8,8,2.1587125e-06,3.5039482e-05,1.2262958e-06,1.3287452e-06,1.4427045e-06,3.1151371e-06,3.7468938e-06,4.1748268e-06,0.99994777
20171219-095246-2.jpg,8,8,0.00079826908,0.072707505,1.3691208e-05,2.6543062e-05,1.9421699e-05,0.00083224284,6.6711656e-05,0.0002050663,0.92533055
20171219-095250-3.jpg,8,8,9.7248157e-06,2.5708261e-06,9.0724726e-07,7.6151604e-05,2.2559955e-06,5.5800891e-06,2.4893081e-06,4.0459612e-05,0.99985986
20171219-095321-2.jpg,8,8,9.7921508e-05,0.0022077267,1.0834331e-05,6.1822152e-06,1.2446868e-05,1.0062985e-05,2.0400295e-05,3.8483153e-05,0.99759594
20171219-095343-2.jpg,8,8,3.4091237e-05,0.00092933447,4.0861494e-06,5.2681063e-06,6.8177839e-06,3.2230926e-05,8.7293915e-05,2.4157737e-05,0.99887672
20171219-095353-2.jpg,8,8,3.1180303e-06,6.5242648e-05,9.9438953e-07,1.4738814e-06,2.5561598e-06,2.3889788e-06,8.0105121e-06,3.3457357e-06,0.99991287
20171219-095359-3.jpg,8,8,2.166209e-06,4.276195e-06,3.9411382e-07,5.4349002e-06,7.422417e-07,7.2165162e-07,5.7172172e-07,3.997067e-06,0.9999817
20171219-095638-3.jpg,8,8,1.6816938e-05,7.0392832e-06,3.649259e-07,8.2853493e-06,6.8137226e-06,1.4388345e-06,5.6497144e-07,1.9544677e-05,0.99993913
20171219-095730-2.jpg,8,8,2.8111009e-05,0.00014594861,3.1754202e-06,1.1790952e-05,3.3800577e-06,0.00019589029,0.00044167904,4.9084749e-05,0.99912094
20171219-095801-3.jpg,8,8,7.8611069e-05,0.0001902342,1.799724e-06,7.7042699e-06,3.0396872e-06,3.664446e-06,1.7210008e-06,4.3231796e-05,0.99966999
20171219-095803-2.jpg,8,8,7.9180352e-06,1.2374748e-05,1.7295923e-06,2.8366119e-05,2.130905e-06,1.9260424e-05,6.1419218e-05,2.7019006e-05,0.99983978
20171219-095804-2.jpg,8,8,1.3181905e-05,7.6656729e-05,8.877903e-07,5.0775076e-06,8.1032358e-07,1.4463345e-05,1.9510826e-05,1.1033559e-05,0.99985838
20171219-095814-2.jpg,8,8,4.0821943e-06,5.9082387e-05,4.4703784e-07,3.4347545e-06,1.2877164e-06,4.9510135e-06,7.8841449e-06,3.177402e-06,0.99991565
20171219-095817-3.jpg,8,8,3.0286648e-06,6.9664488e-06,3.4440818e-07,1.3018155e-06,1.1186358e-06,3.5848468e-06,2.2494503e-06,5.777598e-06,0.99997563
20171219-100000-2.jpg,8,8,0.00014991857,0.00048761364,9.3754953e-07,1.9625914e-05,2.8873133e-06,4.8781802e-05,3.7130939e-05,1.2368973e-05,0.99924074
20171219-100242-3.jpg,8,8,3.6008782e-06,2.8492458e-05,2.7374273e-07,4.0633299e-06,2.9841655e-06,4.0529984e-07,2.004829e-06,5.1884056e-06,0.99995299
20171219-100301-3.jpg,8,8,0.014774434,0.31756619,0.00025801522,0.00024119741,0.0012717312,0.00010104356,1.4109098e-05,0.0085629677,0.65721031
20171219-100344-2.jpg,8,8,0.25474955,0.016494132,0.00078937388,0.00037776967,6.6233493e-05,0.0070359915,6.538283e-05,0.018989515,0.70143205
20171219-100345-2.jpg,8,8,0.32448271,0.0047754876,0.00065612628,0.0031559881,9.347806e-05,0.011094172,0.002598407,0.0058635993,0.64728003
20171219-100442-2.jpg,8,8,2.8984229e-05,0.0012228488,7.0531544e-06,9.2529211e-06,5.6038907e-05,6.1228425e-06,8.9874516e-06,1.24468e-05,0.99864826
20171219-100454-2.jpg,8,8,4.3536317e-05,0.0012016465,4.1470467e-06,2.2862821e-06,8.1831781e-06,6.3828933e-06,3.076501e-06,2.8358636e-05,0.99870238
20171219-100558-2.jpg,8,8,0.00044417002,0.00017120876,1.4598344e-05,1.7815428e-05,2.6203484e-05,3.0328476e-05,7.5842091e-05,0.00037782378,0.99884201
20171219-100605-2.jpg,8,8,0.00014908267,0.00075722763,8.5178284e-05,3.2850728e-05,4.7488224e-05,6.8903784e-05,5.8449893e-05,0.00011676096,0.99868406
20171219-100707-3.jpg,8,8,0.00021793303,9.0355734e-06,1.2159768e-06,9.2114998e-06,1.0603572e-06,7.7302512e-06,1.982364e-06,7.2836986e-05,0.99967899
20171219-100748-2.jpg,8,8,8.7704724e-05,0.002356977,5.1179304e-06,2.4930517e-06,1.4408161e-05,4.0940533e-06,4.0388806e-06,1.8956057e-05,0.99750621
20171219-100818-2.jpg,8,8,0.00011804342,0.0057451528,5.6164001e-06,2.0573401e-05,4.2911406e-06,1.135011e-05,3.9612262e-05,2.5334197e-05,0.99403003
20171219-101321-3.jpg,8,8,2.2753572e-05,0.015413563,8.685035e-06,2.9509834e-05,1.7123995e-05,7.51844e-06,0.000252986,7.6620008e-05,0.98417124
20171219-101508-2.jpg,8,8,0.00074324883,0.00017756626,0.0017398002,0.0001683972,2.9082008e-05,3.5017143e-06,3.7229326e-05,0.00055290366,0.99654827
20171219-101528-2.jpg,8,2,0.00031455887,0.00024870526,0.70274056,1.3827543e-05,0.00069609958,7.9180275e-06,6.8903422e-05,0.00014757839,0.29576185
20171219-101903-2.jpg,8,8,8.1895382e-05,0.00011174778,3.6462202e-05,2.2337329e-05,5.3246323e-05,7.6342152e-05,6.6074486e-05,5.3320233e-05,0.99949857
20171219-102135-3.jpg,8,8,0.00014063143,7.4674055e-05,2.8053607e-06,7.2052864e-05,3.4072344e-06,2.1583194e-05,6.5305358e-06,0.00023699733,0.99944132
20171219-102203-3.jpg,8,8,1.7401478e-05,7.2774793e-06,7.2203563e-07,5.4144671e-06,6.1518205e-07,8.5484417e-07,1.1576248e-06,7.9045971e-06,0.99995865
20171219-102311-2.jpg,8,8,0.0021082826,0.0072120121,3.8743539e-05,0.00027152757,0.0019595996,0.00028231762,2.3598768e-05,0.00019020676,0.98791371
20171219-102324-2.jpg,8,8,0.0017494836,0.0091105665,0.00043094698,0.00014181531,0.00068737791,0.0097840458,0.0030199487,0.0007464906,0.97432932
20171219-104517-2.jpg,8,8,2.8838861e-05,0.00061409318,0.0001730348,4.668682e-05,0.00012049824,2.9165687e-05,8.1814706e-05,4.2614682e-05,0.99886325
20171219-104702-2.jpg,8,8,9.4237072e-05,0.00049056495,0.00040338608,9.3381872e-05,0.00070987957,0.00031067962,0.00050332194,5.2432263e-05,0.99734212
20171219-104736-2.jpg,8,8,8.6201999e-05,5.0562423e-05,5.401007e-05,4.1487485e-05,5.9081475e-06,7.3646337e-05,9.9038204e-05,0.00057937339,0.99900977
20171219-104932-3.jpg,8,8,0.00027916312,0.0002327252,1.4777713e-05,4.1385618e-05,3.5488603e-06,0.0003459282,0.00036285279,0.0034872155,0.9952324
20171219-105010-2.jpg,8,8,0.00012001213,4.0960358e-05,7.426879e-05,0.00019660318,7.3846687e-06,0.0012381678,9.5384594e-05,0.00056774287,0.99765948
20171219-105244-2.jpg,8,8,0.0020917687,0.0012433001,6.4677041e-05,0.00036554098,0.00011186947,6.106951e-05,3.2776518e-05,0.00079711173,0.99523189
20171219-105452-3.jpg,8,8,0.002908921,0.00039180219,5.1365591e-05,0.0015822277,2.0709258e-05,0.025107274,8.1019193e-05,0.0013598195,0.96849686
20171219-105508-2.jpg,8,8,1.760278e-05,0.00028841063,0.00014469875,6.6858669e-05,0.00021794304,9.2217261e-05,3.0868491e-05,5.0527587e-06,0.99913635
20171219-105531-3.jpg,8,8,0.00055824539,3.5131048e-05,4.0315009e-06,0.00033152947,3.6741784e-06,0.00026949745,2.8066349e-05,0.00010680771,0.99866302
20171219-105546-3.jpg,8,8,0.00064458279,0.00019972469,4.7542032e-06,4.8658798e-05,7.230614e-06,0.00025948834,0.00038975617,0.0012302587,0.99721555
20171219-105713-3.jpg,8,8,1.0520545e-05,0.00014232932,8.0744533e-06,8.3574456e-06,3.2954183e-06,1.511442e-05,2.4004198e-05,2.5925152e-05,0.99976238
20171219-105955-3.jpg,8,8,0.0001439059,0.0014416375,5.0195062e-06,8.8008627e-06,8.9811867e-06,0.0003122976,5.8863422e-05,0.00017018645,0.99785031
20171219-110028-2.jpg,8,8,0.0012480703,0.0019192994,0.00010901027,0.00081918496,8.8145807e-05,0.00010102664,0.00030682081,0.0069621055,0.98844634
20171219-110043-2.jpg,8,8,0.00023167733,0.00038013305,0.00022368204,0.00043595277,3.4298708e-05,0.00025623918,0.00019832769,0.00012972185,0.99810997
20171219-110049-3.jpg,8,8,9.916901e-05,2.4386336e-05,5.5500342e-06,0.0002923242,3.0026386e-06,1.1740778e-05,0.00011739173,0.00036340706,0.99908303
20171219-110213-3.jpg,8,8,4.43115e-05,0.00048435699,1.8356935e-05,8.1598515e-06,6.678665e-06,9.6952075e-06,9.0571393e-05,0.00014657124,0.9991913
20171219-110250-3.jpg,8,8,3.946877e-05,0.00020411473,0.00011319682,8.2910314e-05,1.1702575e-05,7.8555628e-05,9.813357e-05,5.5707416e-05,0.99931621
20171219-110311-3.jpg,8,8,0.00024968042,9.9642235e-05,1.9301856e-06,0.00026786588,1.3176086e-05,4.4870478e-06,6.4500668e-05,0.012213448,0.98708527
20171219-110445-2.jpg,8,8,1.1790109e-06,1.9956235e-06,4.3045777e-07,3.0290423e-06,5.7209797e-07,1.4882931e-06,6.0338289e-07,2.0112605e-06,0.99998869
20171219-110447-2.jpg,8,8,0.00030895798,0.00015328879,1.3262514e-05,1.4839036e-05,3.7242058e-06,0.00012694271,5.3020153e-05,0.00035477226,0.99897119
20171219-110453-3.jpg,8,8,0.0020034658,0.007446318,1.1402252e-05,0.0001464795,1.2503681e-05,1.5101677e-05,1.3723665e-05,0.0053874533,0.98496355
20171219-111704-3.jpg,8,8,0.00015299076,0.00019799924,9.795508e-05,0.0011749388,0.00013707534,8.5035602e-06,0.00094477061,5.1575902e-05,0.99723419
20171219-111825-3.jpg,8,8,0.0002704224,0.0023889975,0.00012805443,0.0012219161,0.00026587302,5.3296892e-06,0.002147713,6.9323992e-05,0.99350237
20171219-111957-3.jpg,8,8,0.00012356298,3.3713603e-05,3.1319698e-05,0.00018764637,2.0707167e-05,0.00050183119,0.00051300774,9.4658397e-05,0.99849355
20171219-112017-2.jpg,8,8,0.00022028672,0.00042911399,0.00016171153,0.00067049089,0.00024214463,0.00037906439,0.025596574,0.00010496062,0.97219565
20171219-112038-2.jpg,8,8,0.011434644,0.0011546479,0.0018568034,0.0048250342,0.095776871,0.01765444,0.0077138551,0.00068071982,0.85890298
20171219-112111-2.jpg,8,8,7.1024578e-05,0.00036908873,5.2615363e-05,1.0600057e-05,2.4724647e-05,2.0675334e-05,0.0021726962,2.3588233e-05,0.99725499
20171219-112206-2.jpg,8,8,4.3551893e-05,0.00061854413,0.0079635324,1.7837186e-05,8.1769721e-05,1.7016183e-05,0.0009408323,3.4152737e-05,0.99028276
20171219-112327-2.jpg,8,8,0.00046834647,0.00074692849,0.00010802831,0.0049121177,1.4796717e-05,0.00042590139,0.0075275413,0.00030372007,0.98549262
20171219-112328-2.jpg,8,8,0.0002813588,0.0023474465,0.0038419911,0.00031446283,0.00028982198,4.7310771e-06,0.00057701561,0.00016201344,0.99218116
20171219-112351-2.jpg,8,8,0.00045102474,0.0021047311,0.0014320561,0.00012163255,0.00076477837,2.8549911e-05,0.00096586917,5.661377e-05,0.99407474
20171219-112408-3.jpg,8,8,0.00057134448,0.0029492038,0.39692969,0.0025181794,0.030470522,2.2444337e-05,0.000292717,0.00039100761,0.56585489
20171219-112426-2.jpg,8,8,0.00063654524,0.00053910599,0.0010774201,0.00018630658,0.0002661876,2.7210188e-05,0.00046759795,5.3580179e-05,0.99674605
20171219-112429-3.jpg,8,8,0.00083548552,0.0078859275,0.29619872,0.00019977588,0.0044961677,2.7745432e-05,0.00037775418,0.0010065597,0.68897186
20171219-112509-2.jpg,8,8,0.0064142961,0.00096616866,0.00018362674,0.0040834863,0.0005319334,0.0037670177,0.024472311,0.0045265399,0.95505462
20171219-112533-3.jpg,8,8,0.010954585,0.0040200482,0.15295416,0.0011630072,0.0011459449,8.7516568e-05,0.0030714674,0.0033055631,0.82329771
20171219-112609-3.jpg,8,8,4.7365152e-05,7.0907967e-05,0.00033547156,3.1794243e-05,3.6265004e-05,5.5285729e-05,0.0058329385,0.00020492567,0.99338505
20171219-112740-2.jpg,8,8,0.00067495281,0.0019163551,0.27487035,0.0011428315,0.00029494393,1.7954419e-05,0.0031011347,0.00028389222,0.71769758
20171219-112917-2.jpg,8,8,0.00019927923,0.00022579454,0.00034515615,0.0019106753,9.6985967e-05,0.00028217394,0.019418718,0.0003895487,0.97713167
20171219-112948-3.jpg,8,8,0.0013615255,0.0063272568,0.42665837,0.0032634448,0.0060311027,5.3017753e-05,0.0017806191,0.0012080101,0.55331665
20171219-112959-2.jpg,8,8,0.00010670563,0.00010576408,6.8129444e-05,0.00072407006,0.00032384589,9.0717579e-05,0.0055916273,0.00034280886,0.99264633
20171219-113025-3.jpg,8,8,1.2927576e-05,3.2248852e-05,0.0043141443,1.4341902e-05,3.4810547e-05,7.2151832e-05,0.0015253364,9.3615133e-05,0.99390042
20171219-113027-2.jpg,8,8,0.00079402269,0.0023434488,0.0024937699,0.0003907662,0.0030552161,1.6445866e-05,0.00029048509,0.00052869737,0.99008715
20171219-113121-3.jpg,8,8,0.00010309778,3.5407822e-05,0.04678095,2.9811641e-05,8.4076051e-05,2.392678e-05,0.0055720777,0.00038129071,0.94698936
20171219-113208-2.jpg,8,8,0.00012637918,0.00067775874,0.00016029392,0.00050338031,0.00012016236,0.0005600011,0.016600879,0.00029461309,0.98095653
20171219-113320-2.jpg,8,8,5.2435494e-05,9.1085127e-05,0.00032842351,4.6269505e-05,1.9651612e-05,0.0001577039,0.0093806859,0.00022940361,0.98969434
20171219-113328-3.jpg,8,8,0.0036894904,0.0064536367,0.00038508081,0.076989647,0.0058941051,1.1048217e-05,0.11748637,0.0028873733,0.78620324
20171219-113443-3.jpg,8,8,0.00036059897,0.00027003861,0.009297386,0.00012870716,0.00011724375,0.00011622631,0.044460457,0.00071416611,0.94453518
20171219-113519-3.jpg,8,8,0.00038923164,0.00019962931,0.047545887,8.7087646e-05,6.21988e-05,1.8646245e-05,0.013591815,0.00041447315,0.93769103
20171219-113537-3.jpg,8,8,7.2167583e-05,7.9625039e-05,0.00024586533,4.419405e-05,3.927415e-05,6.0497321e-06,0.0080403547,4.7954086e-05,0.99142452
20171219-113552-3.jpg,8,8,0.0004747788,0.00013273574,0.0014614414,0.00067473737,0.00011636821,8.1942239e-06,0.025722822,0.0010798337,0.97032909
20171219-113849-3.jpg,8,8,0.00034337722,0.00021297256,0.00097755109,0.00011711779,7.2201762e-05,6.655456e-06,0.0039806829,0.00031757557,0.99397187
20171219-114005-3.jpg,8,8,0.00015543785,8.1561093e-05,0.0020185072,2.1323518e-05,4.3040936e-05,1.6066551e-06,0.00038507926,0.00019208333,0.99710136
20171219-114105-3.jpg,8,8,0.0048079948,0.00293841,0.0040363409,0.0036244389,0.0043702363,0.00010164993,0.053623953,0.0016267627,0.92487021
20171219-114123-2.jpg,8,8,0.00032417333,0.00036771829,0.0025283168,5.1456909e-05,7.1639141e-05,9.5935006e-06,0.00049104531,9.6431874e-05,0.99605962
20171219-114149-2.jpg,8,8,1.4233942e-05,8.1337712e-05,4.4681689e-05,3.678235e-06,5.3086852e-06,1.691888e-06,0.00018550797,9.0065195e-06,0.99965455
20171219-114238-2.jpg,8,8,0.00027791714,0.0030277191,0.0010293185,9.9255809e-05,0.00013321645,3.6232677e-05,0.0019298206,0.0001384387,0.99332808
20171219-114325-3.jpg,8,2,0.0012042996,0.0016591601,0.86034285,0.0006337892,0.010163335,0.0020453655,0.0054397838,0.0018660354,0.11664538
20171219-114408-2.jpg,8,8,3.421001e-05,0.00015469638,0.00016073359,3.3885624e-05,1.4859485e-05,1.0016213e-05,0.003048778,1.163748e-05,0.99653118
20171219-114449-2.jpg,8,8,0.00020377658,0.0001658491,0.00073496595,7.0223732e-05,1.6698809e-05,7.6903355e-06,0.0019588438,7.1658794e-05,0.99677029
20171219-114459-2.jpg,8,8,0.00014189294,0.0010010831,0.0038235676,0.0001077606,3.6108267e-05,9.6063281e-06,0.003958808,8.9778598e-05,0.99083139
20171219-114601-3.jpg,8,7,0.0025827269,0.028425219,0.00028217711,0.00049289415,8.0096569e-05,9.2946123e-06,0.0088588318,0.8729063,0.086362462
20171219-114633-2.jpg,8,8,3.4820565e-05,0.00041445662,0.00013578119,2.9808735e-05,2.0140354e-05,7.501623e-06,0.0014377689,2.9369187e-05,0.99789035
20171219-114634-3.jpg,8,8,0.0016681195,0.0028119068,0.0028568833,0.0021029206,0.02452529,7.0471225e-05,0.039227024,0.00073287829,0.92600451
20171219-114634-2.jpg,8,8,0.00011055718,0.00056014062,0.00014459805,9.0165557e-05,1.5814907e-05,1.9753464e-05,0.0059647263,4.4450594e-05,0.99304979
20171219-114635-2.jpg,8,8,0.00014629181,0.0031503209,0.0052582056,0.00010673658,0.00014272284,4.6641254e-05,0.0094122563,4.7232536e-05,0.98168959
20171219-114725-2.jpg,8,8,0.00011963328,0.0010944828,0.0071613716,0.00020818302,0.00096066285,0.00055230238,0.0027681855,0.00018422836,0.98695095
20171219-115114-2.jpg,8,8,0.00015843137,0.0004497121,0.0019953962,0.00010436215,0.00010307915,7.196467e-06,0.00028475195,9.6734633e-05,0.99680034
20171219-123742-2.jpg,8,8,0.00011282743,0.00052975646,0.00043559922,0.00026579514,0.0010472787,9.1601667e-05,0.00074261189,7.3035082e-05,0.99670149
20171220-082349-2.jpg,8,8,0.00065089223,3.3082977e-05,2.0960834e-05,0.00051010618,5.5790749e-05,0.0011196192,3.3581877e-05,0.0010186124,0.99655735
20171220-082359-2.jpg,8,8,1.0983422e-05,4.6149065e-06,3.0330243e-06,1.7681793e-05,5.4922821e-06,1.0718813e-05,8.8733955e-06,0.00026191194,0.99967669
20171220-082659-2.jpg,8,8,1.5915082e-05,8.66335e-06,1.0204383e-06,0.00010957403,2.4349795e-06,0.00012032996,1.5238919e-05,9.0398302e-05,0.99963642
20171220-082718-2.jpg,8,8,2.3651668e-05,3.1547528e-06,2.6483067e-06,1.1717677e-05,4.2912329e-06,4.3715675e-05,1.8017907e-05,1.790158e-05,0.9998749
20171220-082755-2.jpg,8,8,3.1273399e-05,4.243787e-06,3.0175132e-06,8.960698e-05,1.4419047e-05,1.8086006e-05,1.2587057e-05,0.0001355132,0.99969125
20171220-082756-3.jpg,8,8,0.00020506199,0.00012550183,3.9741659e-06,0.00023143377,5.2652006e-06,7.249215e-05,2.1928354e-05,0.00098381401,0.99835053
20171220-082819-3.jpg,8,8,1.4916131e-05,8.0471919e-06,2.4480439e-06,1.663497e-05,4.3419501e-06,1.3841632e-05,6.3705665e-05,8.1025173e-05,0.99979504
20171220-082846-2.jpg,8,8,0.0024959477,8.1048427e-05,1.4402227e-05,0.00057334344,2.6506498e-05,6.7949007e-05,9.6526598e-06,0.0031014963,0.99362965
20171220-082953-3.jpg,8,8,0.00011019453,6.0619136e-06,2.141037e-06,0.00015950428,3.6365446e-06,9.5332073e-06,1.5578612e-05,0.00070524218,0.99898811
20171220-083031-2.jpg,8,8,0.00016873035,0.0008338308,2.1115175e-06,7.1347058e-05,3.0167721e-06,2.3346984e-05,5.0149016e-06,0.0016381516,0.99725445
20171220-083100-2.jpg,8,8,7.6052462e-05,8.1575021e-05,2.1337099e-06,5.4730569e-06,2.8437611e-06,0.00015711558,1.8194986e-05,0.00013351139,0.9995231
20171220-083131-2.jpg,8,8,3.2641477e-05,1.9808798e-05,2.5209184e-06,1.5148499e-05,5.0527561e-06,4.9624883e-05,2.6606646e-06,0.00037074871,0.99950179
20171220-083149-3.jpg,8,8,0.00064525576,1.6254024e-05,2.8767237e-05,0.002369453,6.755901e-05,0.0011153319,0.00037103046,0.0003074151,0.99507893
20171220-083218-2.jpg,8,8,0.074053704,0.0031252444,0.0062815316,0.0016132197,0.0012667104,0.0022396891,0.00011988619,0.0016097073,0.90969031
20171220-083245-3.jpg,8,8,0.0024905482,2.7736528e-05,2.5747202e-05,0.0046103282,7.8731906e-05,0.00055026923,0.0010688854,0.0027897601,0.98835799
20171220-083324-2.jpg,8,8,0.0017739504,0.0092483444,4.0542798e-05,0.0017992295,1.8810922e-05,0.0015258178,0.005541639,0.016938337,0.96311333
20171220-083340-2.jpg,8,8,0.00040538337,1.9978562e-05,1.5335788e-05,0.00026702117,3.3051739e-05,0.0003361576,0.00091423782,0.0033156616,0.99469317
20171220-083447-3.jpg,8,8,3.789753e-05,3.0901873e-05,2.9429651e-06,5.879016e-06,3.7864013e-06,4.4884662e-05,0.00011523785,0.00010782728,0.99965064
20171220-083532-2.jpg,8,8,0.028236394,0.0012889757,5.4056394e-05,0.00053478137,1.5657608e-05,0.0014961593,6.0323649e-05,0.0012376006,0.96707605
20171220-083653-2.jpg,8,8,0.00018895253,1.399284e-05,1.5494346e-06,2.9506615e-05,1.0909444e-06,2.4837176e-05,7.5238383e-06,0.00018857752,0.99954397
20171220-083717-2.jpg,8,8,0.00031291769,0.00020036159,3.7553138e-05,0.0027327254,3.0077628e-05,0.00035457526,0.0001098979,0.00041741401,0.99580448
20171220-083759-2.jpg,8,8,9.2862867e-05,3.1630204e-06,1.4639871e-06,1.7061804e-05,3.4127081e-06,2.5399979e-05,1.3236539e-05,0.00018982979,0.99965357
20171220-083801-3.jpg,8,8,0.00034124242,8.0640547e-05,7.8246568e-06,0.0014291377,1.2245777e-05,0.0019332513,0.00024364976,0.0020468796,0.99390513
20171220-083810-2.jpg,8,8,0.001632542,0.0020891749,3.7301771e-05,0.00012627857,4.3544899e-05,0.00075114793,0.00022791908,0.0083359511,0.98675614
20171220-083821-2.jpg,8,8,9.4234368e-05,1.3857132e-05,1.0142458e-05,3.2676271e-05,1.0808781e-05,1.6091154e-05,2.2110129e-05,0.00022143505,0.99957864
20171220-083928-2.jpg,8,8,0.004234232,0.060513701,0.00027694649,0.00084543674,0.00022244529,0.00044385706,0.000741755,0.041865889,0.89085574
20171220-084012-3.jpg,8,8,1.575932e-05,0.00053379336,6.7171167e-06,0.00024911103,1.1054757e-05,1.5417047e-05,0.00014597535,4.1688618e-05,0.99898048
20171220-084034-3.jpg,8,8,0.0004470722,0.0028715661,9.6763906e-05,0.0027580412,0.0017254557,2.067573e-05,0.0010012315,0.0016539294,0.98942526
20171220-084230-3.jpg,8,8,0.023863562,0.0012168429,2.9274943e-05,0.026402359,3.3051218e-05,0.0028353637,8.9026972e-05,0.22788852,0.717642
20171220-084259-2.jpg,8,8,1.0268823e-05,2.5239778e-06,2.9873205e-07,4.855251e-06,1.3959136e-06,2.6393835e-06,1.3465763e-06,6.2041003e-06,0.99997047
20171220-084403-2.jpg,8,8,4.3362811e-05,5.3796853e-05,9.0908948e-07,0.00034068118,5.2793375e-06,1.6627166e-06,8.1798104e-06,0.00015191867,0.99939421
20171220-084412-2.jpg,8,8,4.9849999e-05,1.3556144e-05,2.0154934e-06,5.3250706e-05,3.3546511e-05,3.9303439e-06,5.7552432e-06,3.0811298e-05,0.99980728
20171220-084433-2.jpg,8,8,5.9335189e-05,0.00010259385,1.4211393e-06,2.4847353e-05,3.0029822e-06,4.6483402e-05,1.7792217e-05,5.9170603e-05,0.99968535
20171220-084443-2.jpg,8,8,7.5485436e-07,1.0364919e-05,2.9874336e-07,3.7935961e-06,5.4878683e-07,2.7588249e-06,1.8862251e-05,3.4367152e-06,0.99995918
20171220-084505-2.jpg,8,8,7.8484049e-06,3.1019699e-06,4.6058752e-07,2.3254454e-06,1.7201993e-06,3.2386414e-06,6.6544069e-07,3.8592197e-06,0.99997678
20171220-084515-2.jpg,8,8,0.013350164,0.09794821,2.5602483e-05,0.0012686993,1.9787877e-05,1.8733044e-05,1.466823e-05,0.015768564,0.87158557
20171220-084545-3.jpg,8,8,2.4994514e-05,1.7280186e-05,1.9593041e-06,3.0851829e-05,4.0948877e-06,1.0369308e-05,5.9770361e-06,1.0563065e-05,0.99989391
20171220-084554-2.jpg,8,8,6.2850767e-05,0.0017693435,1.1620927e-06,4.2985768e-06,2.3122657e-06,5.6092449e-06,1.2484142e-05,3.3851869e-05,0.99810809
20171220-084624-2.jpg,8,8,1.9713787e-05,4.4881572e-06,9.7280146e-07,4.3520639e-06,1.4985913e-06,1.0695098e-05,2.8133606e-06,3.1335783e-05,0.99992413
20171220-084647-2.jpg,8,8,2.909971e-06,0.00046043694,1.0096589e-06,5.1790004e-06,1.3658007e-06,2.4459159e-06,1.0936523e-05,1.0364097e-05,0.99950535
20171220-084727-2.jpg,8,8,4.3445998e-05,0.00038389729,2.5219295e-06,7.5046523e-05,5.4888775e-06,2.7133791e-05,5.8121827e-05,2.4533088e-05,0.99937981
20171220-084751-3.jpg,8,8,4.7748463e-06,2.169245e-06,5.1270462e-07,8.7830884e-06,1.0212284e-06,5.2909504e-06,2.6041796e-06,1.2652928e-05,0.99996219
20171220-084816-3.jpg,8,8,3.3312802e-06,5.8457883e-05,4.4507267e-07,2.4995518e-05,8.0345872e-07,3.5456288e-06,2.0725461e-05,2.7528122e-05,0.99986017
20171220-084920-2.jpg,8,8,6.9463313e-05,3.417349e-05,4.3656931e-06,6.6724673e-05,5.7118741e-06,5.1312154e-05,0.0001021458,9.9585166e-05,0.99956652
20171220-084937-3.jpg,8,8,0.00015931993,8.1994704e-05,8.8575161e-06,6.1316815e-05,3.0842883e-05,1.3966447e-05,0.0036882338,0.00044929033,0.99550618
20171220-085003-2.jpg,8,8,0.00056980893,0.00065236626,5.7695638e-05,0.00084540962,3.1085469e-05,0.0035605657,0.0038787982,0.0010608739,0.9893434
20171220-085013-3.jpg,8,8,2.9991191e-06,3.6928426e-06,1.783538e-06,1.0492689e-05,9.6977927e-06,3.3528829e-06,2.6023792e-05,1.0870354e-05,0.99993109
20171220-085014-3.jpg,8,8,0.0015269554,0.25308613,0.00045340121,0.00056850761,0.00024254767,0.00012725556,0.014382213,0.076502525,0.65311046
20171220-085015-3.jpg,8,8,7.2951893e-06,1.4494031e-05,3.0601673e-05,6.2205389e-05,0.00041421864,6.4667076e-06,2.8598808e-05,3.9577693e-05,0.99939654
20171220-085110-3.jpg,8,8,0.00031573484,0.00061494203,0.00035676277,0.00043655664,0.00022462555,1.451304e-05,0.001029703,0.011801756,0.98520541
20171220-085146-3.jpg,8,8,0.0090251584,0.02318407,0.0019316863,0.00054969827,0.0017699031,9.768495e-05,0.0019221567,0.067059477,0.89446017
20171220-085211-2.jpg,8,8,0.0045577895,0.019484971,9.2705541e-05,0.032786838,8.4225817e-05,0.0018281643,0.0016384316,0.0060429035,0.93348397
20171220-085256-2.jpg,8,8,0.00066530303,0.00013741263,1.6582707e-05,0.00025800755,6.822913e-06,0.00027133159,0.00011340386,0.00021720093,0.99831393
20171220-085315-3.jpg,8,8,1.1714311e-05,3.1948379e-05,6.4366883e-06,3.3638937e-05,2.8003503e-05,1.0201759e-05,0.00024639384,4.4458482e-05,0.9995872
20171220-085334-2.jpg,8,8,5.4893186e-05,0.00011785915,3.5620328e-06,0.00013825149,3.0574913e-06,7.8244628e-05,0.00015387687,0.00015599523,0.99929426
20171220-090147-2.jpg,8,8,0.00047062526,0.0003566823,1.0434685e-05,2.8486212e-05,2.0795205e-05,0.00028662408,3.3727805e-05,0.0016102638,0.99718236
20171220-090154-3.jpg,8,8,0.0044564263,4.6959846e-05,1.1871163e-05,0.0049131583,7.4919984e-06,0.00021907089,6.6396955e-05,0.0038768881,0.98640174
20171220-090336-2.jpg,8,8,0.026600858,0.00036580531,1.7076389e-05,0.00017827587,8.6494497e-06,0.00019742987,0.00017120078,0.027650638,0.94481007
20171220-090345-2.jpg,8,8,0.0032625149,0.00075283106,1.6275152e-05,0.00029905973,0.00011435607,8.2640789e-05,0.0004560436,0.010956106,0.98406017
20171220-090520-2.jpg,8,8,0.016848197,0.075867107,2.9353247e-05,0.00076832387,0.00012163677,0.00033365421,0.00027930283,0.0030995564,0.90265287
20171220-090546-3.jpg,8,8,1.0836162e-05,1.0062024e-05,7.2227558e-07,1.260722e-05,1.023741e-06,4.2553869e-05,0.00010404395,4.4103385e-05,0.99977405
20171220-090621-2.jpg,8,8,0.00017031091,0.0010164371,3.5540574e-06,0.00014676497,4.1111178e-06,0.00014382106,6.7278323e-05,7.4978881e-05,0.99837274
20171220-090752-2.jpg,8,8,0.00015508689,9.5281684e-05,2.6619981e-06,2.6048727e-05,2.388612e-06,0.00012933885,0.00022883992,2.5924634e-05,0.99933443
20171220-090832-2.jpg,8,5,0.0085965751,0.015422824,0.00019197737,0.0016533717,5.4859109e-05,0.53744406,0.06485995,0.01316141,0.35861498
20171220-090841-2.jpg,8,8,0.0037731999,0.0018273576,8.7820965e-06,0.00082708346,3.9340575e-05,0.0041207669,0.0002853711,0.00061416954,0.98850393
20171220-090906-2.jpg,8,8,0.0002294516,0.0034114412,1.8738796e-05,3.2490079e-05,1.0486191e-05,0.0010427391,0.00048983407,0.00012541868,0.9946394
20171220-091052-2.jpg,8,5,0.00083144263,0.00012371995,1.6474093e-05,0.00026549831,1.6083257e-05,0.91948543,0.00010941064,9.672196e-05,0.079055217
20171220-091117-2.jpg,8,8,0.0011490411,0.010882202,4.1213912e-05,0.00071176239,5.3574209e-05,0.21099939,0.0011099073,0.0019373682,0.77311554
20171220-091144-2.jpg,8,8,0.00062968445,0.00030182107,8.0114334e-06,6.0734757e-05,1.6598975e-05,0.00351763,0.00010360214,0.00036926588,0.99499265
20171220-091239-2.jpg,8,8,0.00088463558,0.0098867087,1.9781752e-05,0.00050903547,2.0795562e-05,0.0025408141,0.0016050053,0.00074322405,0.98379
20171220-091406-2.jpg,8,8,0.0032371637,0.0053190899,0.00021170652,0.00069739357,5.2793834e-05,0.011002761,0.00051584137,0.0074560927,0.97150716
20171220-091414-2.jpg,8,8,0.0018969219,2.0114766e-05,1.2606042e-05,6.9425732e-05,5.6343655e-06,0.0055011554,3.7150003e-05,0.00010511456,0.99235188
20171220-091423-3.jpg,8,8,0.0030880269,0.15816493,5.248873e-05,9.566847e-05,2.3037265e-05,0.010165733,0.0018621336,0.025930388,0.8006176
20171220-091521-3.jpg,8,8,0.00047028063,8.0175604e-05,7.9933966e-06,0.00060196011,8.4784858e-06,3.2061655e-05,0.0023733804,0.0025268848,0.99389878
20171220-091647-3.jpg,8,8,5.6821826e-05,2.6429852e-05,2.9594736e-06,4.0006714e-05,2.1495874e-06,7.0805809e-05,5.8960537e-05,0.00024466506,0.9994972
20171220-091652-3.jpg,8,8,0.1303107,0.0009865415,6.6859531e-05,0.00054384078,0.00013253985,0.0039600484,0.00026649287,0.0040957965,0.85963718
20171220-091740-3.jpg,8,8,0.0080532748,6.1839417e-05,5.2850466e-05,0.011700932,0.00013961714,0.00036834741,0.001500134,0.018865357,0.95925765
20171220-091804-3.jpg,8,8,3.5910285e-05,6.0534221e-05,1.9806721e-06,0.00054158494,9.5464343e-06,5.6802597e-06,0.00094069521,0.00028864362,0.99811542
20171220-091831-3.jpg,8,8,0.00096560461,0.0010660429,2.4563764e-05,0.0018881244,5.9422236e-05,0.00056130293,0.0020566497,0.00091944208,0.99245885
20171220-091854-2.jpg,8,8,8.9031641e-05,1.9588229e-05,2.0520242e-06,6.7746051e-05,4.8369524e-06,0.0003452171,0.00021917757,1.8647166e-05,0.9992337
20171220-091952-2.jpg,8,5,0.0018099529,0.15792225,0.00032904962,0.00028021164,0.00036796577,0.48183149,0.14035277,0.0023129594,0.21479335
20171220-092008-2.jpg,8,8,0.012637459,0.020268639,0.00049932668,0.0043101164,0.00036444735,0.096682205,0.016018412,0.12554468,0.72367471
20171220-092016-2.jpg,8,8,8.9780603e-05,0.00011308789,9.1924936e-07,0.00010800368,1.2765277e-06,0.00068543853,6.1933131e-05,4.1543308e-05,0.99889802
20171220-092024-2.jpg,8,1,0.0022265641,0.94181271,7.0229231e-06,0.00010675122,1.7414921e-05,8.5843447e-05,0.0035677334,0.0022425072,0.049933456
20171220-092033-2.jpg,8,8,0.00054514881,0.00020976671,2.7993789e-06,0.00033820484,2.7381404e-06,0.001205551,9.3133847e-05,0.00030810032,0.99729456
20171220-092044-2.jpg,8,8,0.038169395,0.017440403,8.3242488e-06,0.0019990784,1.5445987e-05,0.0031347023,0.0003402883,0.010944355,0.92794801
20171220-092109-2.jpg,8,8,3.3438033e-05,7.9302567e-05,2.6710619e-06,6.9786609e-05,8.2814401e-06,0.00021509844,5.0963529e-05,3.3798861e-05,0.99950666
20171220-092129-3.jpg,8,8,2.1374231e-05,8.738495e-06,9.1491082e-07,1.423325e-05,7.7627e-07,0.00036539159,8.8085372e-05,2.0851214e-05,0.99947963
20171220-092130-2.jpg,8,8,0.0010535756,0.00017216794,4.9556013e-05,0.0024480437,6.4493148e-05,0.012907118,0.0016480384,0.00015859886,0.98149841
20171220-092221-2.jpg,8,8,0.0027575434,5.0046818e-05,9.38547e-06,0.0051250347,3.5831886e-05,0.01047096,0.00010702474,0.0067661502,0.97467802
20171220-092318-3.jpg,8,8,0.0048032757,0.00063627113,4.051273e-05,0.0026751889,3.4182797e-05,0.098796551,0.00029703395,0.0019793296,0.89073765
20171220-092341-2.jpg,8,8,2.2152536e-05,7.6960058e-06,3.2886306e-06,1.3863562e-05,2.7321644e-06,0.00012255503,7.9393757e-06,9.4121971e-05,0.99972565
20171220-092404-3.jpg,8,8,0.00029587807,0.00037189466,4.8729957e-05,7.3189435e-05,6.9863791e-06,0.0013614693,0.00068704803,0.00082966517,0.99632514
20171220-092604-3.jpg,8,8,7.071872e-05,4.0072611e-05,1.8451111e-06,0.00084021647,1.7044304e-06,0.00034243532,8.5911982e-05,7.7166216e-05,0.99853993
20171220-092615-3.jpg,8,8,0.0005277994,0.00022624898,1.5483178e-05,0.0026902914,2.7832695e-05,0.00051198473,0.00069499672,0.00018988935,0.99511547
20171220-092711-2.jpg,8,8,0.00028173919,0.0012156501,1.3140282e-05,0.00090588561,8.3565192e-06,0.00076393702,0.0026546726,6.3747486e-05,0.99409287
20171220-092732-2.jpg,8,8,0.00055537676,0.00011958702,3.9719815e-06,6.2487714e-05,7.1058588e-06,0.0045835811,5.3964906e-05,0.00020824007,0.99440568
20171220-092914-2.jpg,8,8,0.00072183281,8.3117876e-05,3.7903318e-06,0.00030223759,6.1854494e-06,0.0017121195,0.00040468286,0.00025891327,0.99650712
20171220-092922-2.jpg,8,8,0.00027124696,0.00015734739,9.1490044e-06,0.00085853338,5.2023522e-06,0.0014358382,0.0054188082,0.00012610353,0.99171777
20171220-092945-2.jpg,8,8,0.00052148799,1.4990763e-05,4.4612781e-05,5.7355296e-05,4.5522733e-05,0.00098667379,2.1648407e-05,9.5217348e-05,0.99821249
20171220-092949-3.jpg,8,8,0.00044017989,0.00011536464,6.352913e-06,0.00036303152,4.3056939e-06,0.0054194894,0.00045833985,0.00037776288,0.99281517
20171220-092954-2.jpg,8,8,0.00036344996,3.7060049e-05,1.706084e-05,0.00023866629,2.3656511e-05,0.00080663017,0.00020419691,0.0001144213,0.99819486
20171220-093113-2.jpg,8,8,0.00020956637,4.9615705e-05,4.9699502e-06,0.00025535581,7.5618811e-06,0.00027464407,0.000227383,8.8688914e-05,0.99888221
20171220-093122-3.jpg,8,8,5.0973935e-06,1.2629809e-05,5.2532543e-07,2.2462377e-05,4.1446178e-07,3.2311157e-05,3.5368227e-05,1.451211e-05,0.99987668
20171220-093221-3.jpg,8,8,0.0015820027,0.00028173662,1.3349073e-05,0.017845087,9.3335102e-06,0.0017546406,0.00031835169,0.00033261397,0.97786289
20171220-093257-3.jpg,8,8,1.0044116e-05,9.1191271e-06,4.8660556e-07,0.00013503432,1.0812529e-06,2.209458e-06,5.3645661e-06,5.6056942e-05,0.9997806
20171220-093311-2.jpg,8,8,1.6955034e-05,3.9167383e-05,5.5149828e-06,8.5954133e-05,5.7588686e-06,0.00014351656,4.6576559e-05,1.9619606e-05,0.99963694
20171220-093326-3.jpg,8,8,0.00021396606,0.00023086477,3.0504681e-05,0.00046756734,0.00021826915,1.9739284e-05,0.00051180758,0.0019804791,0.9963268
20171220-093337-3.jpg,8,8,0.00010940129,0.0002519458,2.1007103e-06,0.00025448162,1.4789636e-05,4.490733e-05,0.00096224936,0.00064106961,0.99771905
20171220-093439-2.jpg,8,8,2.2175948e-05,6.0078284e-06,3.2485593e-07,8.7423621e-06,6.7389432e-07,7.6418891e-05,8.0549415e-05,1.7129586e-05,0.99978798
20171220-093457-3.jpg,8,8,0.00072742145,0.0022316199,6.3929336e-06,0.00067500337,2.5421634e-06,0.0014192843,0.0076292996,0.001419753,0.98588868
20171220-093525-2.jpg,8,8,2.516778e-05,0.00099642843,8.3400924e-07,4.2791733e-05,3.4256751e-06,4.5393991e-05,0.00020183002,1.5681207e-05,0.99866845
20171220-093606-2.jpg,8,8,0.00036914318,0.00045567924,1.0106657e-05,0.0001110841,4.863712e-06,0.0036603636,0.00044211375,0.0003823165,0.99456433
20171220-094547-2.jpg,8,8,0.00021082561,0.044113302,6.1527553e-06,4.4915999e-05,6.7092101e-06,0.0015706819,7.0849548e-05,0.00010614771,0.95387042
20171220-094608-1.jpg,8,8,1.0038499e-05,2.2873635e-06,9.0069904e-07,1.4535129e-05,2.1730594e-06,3.4687551e-05,6.9487516e-06,5.3053231e-05,0.99987538
20171220-094611-2.jpg,8,8,1.3207947e-05,8.5170447e-05,1.1159283e-06,4.3465382e-06,1.3409312e-06,9.8771166e-05,5.6406504e-05,6.1636279e-06,0.99973348
20171220-094750-1.jpg,8,8,4.0382621e-06,7.1508469e-06,3.8371947e-07,2.8314037e-05,2.0115887e-06,3.9709882e-06,4.8581327e-06,0.00010045924,0.99984881
20171220-094800-1.jpg,8,8,3.6183466e-06,1.4577703e-05,2.4448863e-07,1.0138166e-05,7.0400872e-07,9.7059577e-06,5.5362932e-06,3.5857373e-05,0.99991962
20171220-094848-2.jpg,8,8,0.0082737369,0.037816333,0.00010888762,0.0010385999,3.0088241e-05,0.00030392742,0.0040843406,0.095274958,0.85306913
20171220-094856-2.jpg,8,8,1.3919779e-05,1.5593513e-05,1.2519205e-06,1.7733925e-05,3.6119477e-06,9.1656153e-05,0.0005600117,1.9374667e-05,0.99927685
20171220-094926-2.jpg,8,6,0.00020121555,0.00097127664,1.5493949e-05,0.00027473885,8.3816107e-06,0.00072320962,0.78008365,0.0010287268,0.21669331
20171220-094939-2.jpg,8,8,0.0040494566,0.0004375953,4.4019025e-05,0.0027086249,3.48459e-05,0.0003380823,0.0047690852,0.0028247218,0.98479357
20171220-095054-1.jpg,8,8,8.6887906e-06,2.3721149e-05,6.6235255e-07,1.0310716e-05,1.5949412e-06,0.0002005518,7.6335723e-05,8.082987e-05,0.9995973
20171220-095127-2.jpg,8,8,0.0015659494,0.011016516,1.6099893e-05,0.00023294299,2.477178e-05,0.0018713299,0.029027324,0.0039761373,0.95226893
20171220-095147-2.jpg,8,8,0.00043786648,0.0011437604,2.5613253e-05,9.7176021e-05,1.2919379e-05,0.00027534236,0.0049173171,0.0014662143,0.99162379
20171220-095206-2.jpg,8,8,0.00010492188,0.00057809443,1.1200222e-05,0.00056379617,1.7050202e-05,0.0044056969,0.13483147,0.0014273884,0.85806039
20171220-095214-2.jpg,8,6,0.00087900777,0.007157778,2.4672879e-05,0.00034941546,5.6169565e-05,0.00011421853,0.51868315,0.0055622309,0.46717336
20171220-095227-1.jpg,8,8,0.0024886233,2.9089651e-05,1.7414623e-05,4.4378106e-05,4.6944098e-05,9.4480407e-05,8.09073e-05,0.00011724989,0.99708091
20171220-095305-2.jpg,8,8,6.3284442e-05,0.00010572245,1.7555058e-06,3.7951957e-05,2.893745e-06,2.2557888e-05,0.00022381387,0.00038260682,0.99915941
20171220-095316-1.jpg,8,8,4.6785066e-05,3.8081768e-05,3.153725e-06,3.2019924e-05,6.5973914e-06,0.00031074484,0.00022015202,3.2092485e-05,0.99931037
20171220-095341-2.jpg,8,8,0.0006942346,0.00026609429,1.1062057e-05,0.00067282616,2.1863763e-05,0.00021237999,0.0013577716,0.002650517,0.99411325
20171220-095402-2.jpg,8,8,2.6193176e-06,2.8421154e-05,2.0706803e-07,2.1342324e-06,5.9257707e-07,6.2547637e-06,7.8410986e-05,1.3152776e-05,0.99986821
20171220-095405-1.jpg,8,8,2.0000207e-05,3.3636794e-05,8.1221739e-07,3.4107367e-05,2.9040626e-06,1.4849517e-05,7.3490754e-05,3.2123225e-05,0.99978808
20171220-095408-2.jpg,8,8,0.0014729657,0.15281997,3.2490069e-05,7.0851937e-05,1.1559793e-05,3.7424524e-05,0.000891019,0.00048786682,0.84417585
20171220-095456-2.jpg,8,8,0.001845104,0.00091568695,5.7418139e-05,0.0015978286,7.2527489e-05,0.010168286,0.0096335281,0.0042297242,0.9714799
20171220-095558-2.jpg,8,8,1.6073441e-05,3.6485174e-05,9.4072313e-07,1.517699e-05,2.2434977e-06,0.0013235139,0.00015682155,5.2983031e-05,0.99839576
20171220-100117-2.jpg,8,1,0.024497116,0.36458165,0.0027220576,0.0016860217,0.00049181229,0.20188098,0.1156582,0.099076608,0.18940555
20171220-100147-2.jpg,8,8,0.00076928788,0.00026025293,9.7552834e-06,0.00013007777,2.1322876e-05,0.00016532664,0.0013018543,0.01268787,0.98465425
20171220-100239-2.jpg,8,8,0.00048047259,0.00056303036,3.2757879e-06,0.0030641056,1.7378261e-05,0.00037299099,0.00047290211,0.0010160763,0.99400977
20171220-100252-2.jpg,8,8,0.0057248434,0.0015975699,4.7001194e-06,0.00098658841,4.196286e-06,0.0030764438,0.0044342542,0.0016111644,0.98256024
20171220-100258-1.jpg,8,8,7.921375e-06,1.0762284e-05,2.9800246e-06,1.9112797e-05,3.8753443e-06,0.00014200488,3.9383975e-05,1.1465341e-05,0.99976249
20171220-100351-2.jpg,8,8,0.010007999,0.097398076,3.9702223e-05,0.0061030951,5.6233282e-05,0.0027838414,0.028741856,0.0055924877,0.84927671
20171220-100359-2.jpg,8,8,0.0003970857,0.0040608885,8.8140838e-06,0.00045538323,2.8898008e-05,0.00058250415,0.020540514,0.0013751317,0.97255078
20171220-100405-1.jpg,8,8,2.6512822e-06,2.9038592e-06,3.6220099e-07,2.7611052e-06,4.4089126e-07,9.5781948e-06,3.3122007e-06,8.9462136e-06,0.99996904
20171220-100435-2.jpg,8,8,4.7552006e-05,0.00024490967,1.6038838e-06,6.4211664e-06,1.6783617e-06,1.9659851e-05,3.8710018e-05,9.9957307e-06,0.99962947
20171220-100443-2.jpg,8,8,0.038035619,0.0064371475,6.1600467e-05,0.0018856373,9.6555921e-05,0.0002195848,0.00097822425,0.12759332,0.82469231
20171220-100527-1.jpg,8,8,6.1756388e-06,3.0808173e-06,2.6115811e-06,5.9273919e-06,1.812246e-06,5.9655382e-05,1.442226e-05,3.4252e-05,0.99987206
20171220-100700-2.jpg,8,8,0.00011388271,0.0014011206,6.0028038e-06,6.4723858e-05,5.0741509e-06,0.00052190984,0.00016025652,9.5943016e-05,0.99763109
20171220-100853-1.jpg,8,8,3.4018339e-05,1.3620224e-05,3.3815619e-06,0.00014681903,1.2913311e-06,3.4404617e-05,4.6528413e-05,0.00015673602,0.9995632
20171220-100855-2.jpg,8,1,0.0018931422,0.8271703,0.00015677035,0.00010573616,7.4769946e-05,0.00036697213,0.092142505,0.026887662,0.051202144
20171220-100924-2.jpg,8,8,1.7900073e-05,7.9842709e-06,1.199006e-06,3.5149525e-06,1.4499647e-06,0.00036212039,2.358865e-06,8.9188747e-06,0.99959455
20171220-101301-2.jpg,8,8,3.2489915e-05,0.00016516956,2.7588252e-06,2.7075504e-05,5.9395025e-06,0.00098022796,0.00034023665,7.4303799e-05,0.9983718
20171220-101311-2.jpg,8,8,0.00072478459,0.0040309449,1.7625705e-05,1.318829e-05,1.0206581e-05,0.00010827433,0.0025133983,0.00061718721,0.99196439
20171220-101346-1.jpg,8,8,2.4572755e-06,6.2142235e-06,4.97402e-07,2.9317285e-06,1.1755587e-06,6.0948359e-06,3.4871053e-06,9.0038841e-06,0.99996814
20171220-101529-1.jpg,8,8,7.2071275e-06,1.5785651e-05,1.1798318e-06,7.2462683e-06,1.3649244e-06,6.6785571e-05,7.7122377e-05,3.1954759e-05,0.99979135
20171220-101540-2.jpg,8,8,0.00025383382,0.0027724967,2.5791432e-06,2.680045e-06,4.7688043e-06,0.00030641089,2.3517041e-05,0.00017447363,0.99645924
20171220-101546-1.jpg,8,8,4.381968e-06,0.00024505295,1.5197888e-06,1.8845387e-06,2.7719384e-06,4.7235786e-05,9.692991e-05,3.4710392e-06,0.99959675
20171220-101617-1.jpg,8,8,1.5111899e-06,4.5764502e-06,1.1941916e-06,1.0285513e-05,1.4736999e-06,3.5998232e-05,1.3113293e-05,3.8816981e-06,0.99992797
20171220-101629-1.jpg,8,8,1.8966491e-06,2.7172214e-06,4.1991435e-07,3.7278096e-06,7.9476728e-07,1.5824805e-05,1.8252075e-05,1.1131945e-05,0.99994523
20171220-101647-2.jpg,8,8,1.460633e-05,9.8526466e-06,7.8140251e-07,6.4182517e-06,8.5596724e-07,2.6326578e-05,1.1908644e-06,1.3561755e-05,0.99992641
20171220-101652-1.jpg,8,8,2.3376979e-06,1.2911146e-05,3.5421116e-07,4.6790759e-06,5.9743388e-07,3.3654124e-05,3.2068514e-05,6.3940245e-06,0.999907
20171220-101709-1.jpg,8,8,6.9131507e-06,7.0194962e-06,1.1231972e-06,4.8559664e-06,1.4501814e-06,1.7936202e-05,9.7194125e-06,8.9704651e-05,0.99986128
20171220-101710-1.jpg,8,8,3.4530908e-06,5.2899442e-06,3.9479014e-07,3.0135488e-06,8.3252746e-07,1.5106744e-05,2.3009532e-05,2.5973043e-05,0.99992293
20171220-101919-2.jpg,8,8,4.3867228e-06,4.4868479e-06,1.8066879e-07,1.1434706e-05,5.1062525e-07,3.3881664e-05,7.9177711e-06,5.8526282e-06,0.99993135
20180105-091456-3.jpg,8,8,3.5691086e-05,0.00015973006,4.1609691e-05,3.8194635e-05,1.868395e-05,3.8457009e-06,0.00077666013,2.4752259e-05,0.99890083
20180105-091502-2.jpg,8,8,9.7403907e-06,1.0937534e-05,0.00018594731,6.9111173e-06,4.1704719e-05,5.7363462e-06,0.00026934221,8.3011112e-06,0.99946138
20180105-091508-3.jpg,8,8,2.4063745e-05,2.7073115e-05,4.0455564e-06,1.0026692e-05,1.0336689e-05,7.474203e-07,7.6710228e-05,3.1237882e-05,0.99981576
20180105-091514-2.jpg,8,8,3.6505946e-05,2.4998579e-05,0.0013305578,6.6270365e-06,0.00017128817,6.0779332e-06,0.00014957147,3.826364e-05,0.99823611
20180105-091522-3.jpg,8,8,1.1406263e-05,4.2819363e-06,2.4318924e-06,1.3142343e-05,5.4423477e-06,4.4033311e-06,0.00012604991,9.2949431e-06,0.99982355
20180105-091545-2.jpg,8,8,4.9332e-05,0.00013320682,0.00011066607,3.5401413e-05,0.00020383549,0.00017082784,0.0037732132,0.00049242776,0.99503109
20180105-091636-2.jpg,8,8,4.6408048e-06,6.3307242e-06,6.2301508e-06,7.9213487e-06,1.042868e-05,8.6308958e-06,0.00073933995,3.3249557e-05,0.99918323
20180105-091800-3.jpg,8,8,0.00014287384,6.8665533e-05,5.9873139e-05,2.7681593e-05,0.00024779136,0.00012924297,0.0013336508,0.00015034995,0.99783987
20180105-091820-3.jpg,8,8,8.2352743e-05,1.40752e-05,1.0371211e-05,5.8230399e-05,8.0151395e-05,2.4287993e-05,0.00029912007,0.00011028963,0.99932112
20180105-091855-2.jpg,8,8,0.00012766446,0.00050518188,1.6460496e-05,0.00016328304,5.0966253e-05,0.0011697265,0.0040616703,0.00010408452,0.99380096
20180105-092116-3.jpg,8,8,1.805651e-05,6.2237269e-06,1.5074561e-06,2.6636948e-05,6.4989752e-06,1.8713081e-06,0.00046059643,4.9253529e-05,0.99942936
20180105-092119-3.jpg,8,8,0.00013133967,2.0598905e-05,3.6816169e-05,3.7433047e-05,0.00012583046,2.9332352e-05,0.00050868871,0.00017910866,0.99893085
20180105-092143-2.jpg,8,8,6.9634961e-05,0.00016995861,9.2537108e-06,0.00021916049,4.228881e-05,7.7933591e-05,0.013044717,0.00021054686,0.98615651
20180105-092218-2.jpg,8,8,9.3020486e-06,1.1653041e-05,8.3049883e-07,6.2031011e-05,4.3275347e-06,4.5933598e-06,0.00042788913,0.00011195216,0.99936742
20180105-092347-3.jpg,8,8,1.0373924e-05,1.0313317e-05,1.5389224e-05,3.3668619e-05,2.0343904e-05,7.607753e-05,0.00029063488,3.0279261e-05,0.99951292
20180105-092421-3.jpg,8,8,4.4080358e-06,4.4210184e-06,2.6354737e-05,3.8597149e-06,5.8924775e-05,2.3278119e-06,2.6390854e-05,9.9717994e-06,0.99986334
20180105-092426-2.jpg,8,8,1.0028944e-05,2.3135737e-05,0.0010586393,9.8336886e-06,8.7666191e-05,7.5135009e-06,9.5117414e-05,8.2566659e-06,0.99869981
20180105-092442-2.jpg,8,8,5.4824077e-06,3.3215457e-06,7.721945e-06,2.1380776e-06,8.2672696e-06,4.2704812e-06,4.0504149e-05,6.9330156e-06,0.99992136
20180105-092538-2.jpg,8,8,9.928971e-06,9.752268e-06,1.1407946e-05,4.4029981e-06,8.7767336e-06,1.0773143e-06,0.00032116728,2.1168556e-05,0.99961232
20180105-092555-2.jpg,8,8,0.00054196597,0.0063795884,0.00014340506,0.00027541912,0.00017237409,9.5029766e-05,0.42871028,0.00041511502,0.56326683
20180105-092623-3.jpg,8,8,0.00026996565,0.00017877404,2.8504232e-05,0.00010170566,8.2332966e-05,1.9738798e-05,0.19021481,0.00079031695,0.80831385
20180105-092637-2.jpg,8,8,0.00038075559,0.0066053251,3.1252872e-05,1.2769096e-05,3.6184883e-05,3.2375154e-05,0.00025689216,5.6938146e-05,0.99258751
20180105-092651-2.jpg,8,8,3.2607563e-05,4.6984454e-05,6.8877526e-05,1.0651733e-05,4.5341665e-05,3.2426638e-06,0.00067533123,1.6413916e-05,0.99910055
20180105-092702-3.jpg,8,8,3.492689e-05,2.6311635e-05,0.00034802003,5.1371271e-05,9.1967153e-05,3.1828329e-05,0.0044279264,0.00011192954,0.99487572
20180105-092734-3.jpg,8,8,1.368911e-05,9.3544921e-06,2.485341e-05,7.9325798e-06,1.2313372e-05,1.3442767e-06,0.00044860613,3.6464754e-05,0.99944544
20180105-092741-2.jpg,8,8,0.0019033603,0.035334465,0.00018837652,0.0010217007,8.5716132e-05,0.0018921226,0.097337473,0.0027535112,0.85948327
20180105-092757-2.jpg,8,8,2.9072954e-05,8.7475908e-06,4.0101966e-05,7.1838573e-06,2.0154314e-05,2.5622968e-06,0.00010971115,2.6478132e-05,0.99975599
20180105-092757-3.jpg,8,8,6.8745124e-06,1.3434984e-05,4.9365825e-06,6.4579067e-06,1.3639515e-05,8.303862e-06,0.0029404906,7.9127966e-05,0.99692673
20180105-093058-2.jpg,8,8,6.3347689e-06,4.5092836e-06,3.6678223e-05,2.1452898e-06,2.2299657e-05,9.5202468e-07,0.0001100153,1.0004009e-05,0.99980706
20180105-093156-2.jpg,8,8,0.0028887509,0.0081583347,4.5028859e-05,8.3527693e-05,0.00035867097,5.5884416e-05,0.00050577482,0.062977257,0.92492677
20180105-093252-2.jpg,8,8,0.00019748563,2.0224865e-05,0.00012698598,5.0812499e-05,8.3967314e-05,1.4484012e-06,0.001278848,5.6744245e-05,0.99818348
20180105-093325-2.jpg,8,8,6.4416864e-06,2.7875444e-06,3.6224718e-06,1.9213467e-06,5.3427742e-06,2.424551e-07,1.2894954e-05,2.769354e-06,0.99996398
20180105-093450-2.jpg,8,8,0.00011924925,0.00048955546,0.001438557,2.6738881e-05,0.00011523327,1.1493328e-05,0.0010749699,0.00011716561,0.99660704
20180105-093523-2.jpg,8,8,1.4025223e-05,8.5533749e-06,1.1771071e-05,6.1123069e-06,1.0386163e-05,1.3762573e-06,0.00020163564,1.0220388e-05,0.99973592
20180105-093523-3.jpg,8,8,4.7570662e-05,0.00010169956,1.7228217e-05,1.0692511e-05,2.349951e-05,1.621538e-06,0.00042282704,1.0565563e-05,0.9993643
20180105-093533-3.jpg,8,8,0.00012244884,0.00072354927,0.00069878993,7.6047579e-05,0.00012135243,3.6049526e-06,0.010922719,2.8254536e-05,0.98730323
20180105-093545-2.jpg,8,8,1.2884133e-05,6.9549543e-06,3.0723963e-05,3.1753295e-06,8.9598286e-06,1.4384582e-06,0.00029941818,1.3191106e-05,0.99962325
20180105-093625-3.jpg,8,8,2.3873126e-05,7.7441006e-05,1.8040417e-05,1.6202284e-05,1.7337449e-05,3.7639657e-06,0.00068015931,8.2607003e-06,0.99915492
20180105-093716-2.jpg,8,8,4.2382413e-06,4.6920427e-06,3.5241092e-06,2.9422122e-06,2.5772621e-06,8.9693327e-06,0.00017502183,1.1103216e-05,0.99978693
20180105-093725-3.jpg,8,8,1.0244536e-05,3.7482728e-05,3.1704474e-06,1.644494e-05,4.5857043e-06,2.0463349e-06,0.0010555177,1.1002518e-05,0.99885951
20180105-093740-2.jpg,8,8,1.0415341e-05,5.9015381e-06,2.8031516e-05,6.7203399e-06,1.4299529e-05,3.8856858e-05,0.00029524286,1.8668613e-05,0.99958186
20180105-093747-2.jpg,8,8,0.016101021,0.0020957504,0.42801948,0.0016774628,0.030330045,0.00022764428,0.0041639414,0.0074121634,0.50997249
20180105-093803-2.jpg,8,8,6.5146579e-06,2.6604281e-06,1.6310738e-05,3.4598089e-06,6.4596483e-06,2.4617736e-05,0.00019707959,5.5430809e-05,0.99968747
20180105-093818-3.jpg,8,8,6.6276329e-05,0.00038809281,7.4941766e-05,9.3813862e-05,0.00012605661,7.0389154e-06,0.013083262,0.00010275551,0.98605776
20180105-093850-3.jpg,8,8,0.00013198954,0.00059186245,0.0016695742,0.00010693898,7.6543646e-05,8.4618068e-06,0.0045654063,6.0519545e-05,0.9927887
20180105-094049-3.jpg,8,8,6.3841669e-05,0.00011923823,8.1621357e-05,3.5395257e-05,2.4558443e-05,4.6906303e-06,0.0020832336,3.4290502e-05,0.99755313
20180105-094101-3.jpg,8,8,3.9134194e-05,0.00011848808,0.00066811171,2.1952984e-05,7.5813565e-05,3.4287483e-06,0.00049396741,2.3750552e-05,0.99855535
20180105-094300-3.jpg,8,8,2.2801837e-05,0.00020607572,8.7943442e-05,0.00011426221,0.00010152096,2.8676143e-06,0.0024767064,4.0640394e-05,0.99694718
20180105-094814-2.jpg,8,8,4.2170625e-06,1.1137575e-05,1.3271627e-05,3.1551539e-06,7.1916187e-06,4.2317552e-06,0.00090793215,1.0079101e-05,0.99903878
20180105-094905-3.jpg,8,8,2.6767371e-05,5.3055035e-06,8.9729069e-06,8.0352307e-06,1.2466011e-05,1.6952533e-06,0.001667391,4.2274876e-05,0.99822709
20180105-094918-2.jpg,8,8,0.00083622038,0.00038365542,0.00029231075,0.00047196836,0.00012740475,2.1401947e-05,0.0087325786,0.0003649915,0.98876947
20180105-094925-2.jpg,8,8,7.7847277e-06,8.278172e-06,2.2120624e-05,5.2240444e-06,2.1574081e-05,2.9350564e-06,0.0010150315,3.5623878e-05,0.99888143
20180105-094941-2.jpg,8,8,0.00016163137,0.00047722305,2.4698981e-05,0.00022386495,5.4089746e-05,5.7067397e-06,0.0034281042,3.8172488e-05,0.99558651
20180105-094942-3.jpg,8,8,0.00083560465,0.0020295838,0.021577839,0.00069769608,0.016560142,8.7763575e-05,0.0082912475,0.00037654081,0.94954358
20180105-094951-2.jpg,8,8,1.9980983e-05,4.72004e-05,7.200271e-06,3.3941885e-05,2.4021976e-05,1.1780463e-06,0.00016252933,1.4178682e-05,0.99968977
20180105-095047-3.jpg,8,8,1.0600458e-05,3.0379751e-06,9.3362639e-07,1.7411517e-05,1.0489699e-05,2.2201768e-06,0.00012385723,5.4468038e-05,0.99977698
20180105-095059-2.jpg,8,8,3.5162465e-06,9.0171786e-06,5.7523311e-06,1.6076062e-06,8.7219827e-06,1.2230075e-06,0.00033151141,6.0308035e-06,0.99963262
20180105-095157-2.jpg,8,8,0.00014203767,4.2867974e-05,1.4021352e-05,9.6946158e-05,2.2396096e-05,1.1750998e-05,0.0031827293,4.9875998e-05,0.99643737
20180105-095205-2.jpg,8,8,4.8422447e-06,0.00013564723,5.467767e-06,5.4966962e-06,8.5805897e-06,3.5440094e-06,0.00086658151,6.8223797e-06,0.99896302
20180105-095219-2.jpg,8,8,0.00068163485,0.00014733608,3.7858048e-05,0.0031741733,4.7224753e-05,1.1196764e-05,0.00200167,0.00018629636,0.99371261
20180105-095349-2.jpg,8,8,5.8304104e-06,8.7940407e-06,2.3454583e-05,4.6146145e-06,1.7557225e-05,2.3453598e-06,0.00061576401,2.2267593e-05,0.99929937
20180105-095443-2.jpg,8,8,0.0018148852,8.0505683e-05,3.5971129e-05,8.8873353e-05,6.7594809e-05,4.3216037e-06,0.003540255,0.00029527195,0.99407232
20180105-095527-2.jpg,8,8,4.9660271e-05,6.4922894e-06,3.7961359e-05,8.5295577e-06,4.9469094e-05,2.4776948e-06,0.00016733486,4.9757679e-05,0.99962832
20180105-095544-2.jpg,8,8,3.6235633e-06,1.0297454e-06,7.2272387e-06,1.8892301e-06,5.318016e-06,1.1529654e-06,5.3365276e-05,9.2357054e-06,0.99991716
20180105-095558-2.jpg,8,8,2.5508456e-05,1.0769188e-05,3.1404624e-05,5.0778327e-06,2.9663506e-05,7.3841121e-06,0.00013750214,2.0519606e-05,0.99973217
20180105-095605-2.jpg,8,8,3.0938782e-06,2.3681748e-06,1.0710655e-05,9.9640502e-07,8.5039148e-06,1.4254153e-06,0.00022614642,1.966261e-05,0.99972709
20180105-095611-3.jpg,8,8,7.6508394e-06,9.1263402e-06,2.325403e-06,8.1785597e-06,6.5295144e-06,1.743432e-06,0.00058208774,4.3030413e-05,0.99933933
20180105-095628-2.jpg,8,8,1.6220961e-05,2.95147e-06,1.4393195e-05,5.1111832e-06,1.3686707e-05,5.3902952e-07,5.5726938e-05,2.390356e-05,0.99986747
20180105-095658-2.jpg,8,8,6.1956985e-05,6.6820821e-06,4.5883723e-05,1.9803256e-05,0.00017043466,5.5080488e-06,0.00050188628,0.00016914802,0.9990187
20180105-095757-2.jpg,8,8,1.0479118e-05,7.8519107e-06,0.00011469325,3.8745571e-06,2.4648133e-05,3.6851369e-06,0.0001608952,1.8159559e-05,0.99965571
20180105-095816-3.jpg,8,8,1.9882143e-05,0.00011778352,1.239319e-05,4.0806248e-05,3.5176807e-05,2.9701576e-06,0.00034518462,1.0907123e-05,0.9994149
20180105-095846-2.jpg,8,8,5.2848554e-06,4.0146314e-06,3.4790365e-06,2.6224856e-06,5.3393348e-06,9.158519e-07,2.8831164e-05,8.4216479e-06,0.99994109
20180105-095915-2.jpg,8,8,1.3319492e-05,8.0190076e-06,4.9375001e-05,4.02916e-06,3.6863459e-05,9.1195371e-07,0.00010278983,3.5381344e-05,0.99974931
20180105-095943-2.jpg,8,8,2.2818428e-05,4.7226644e-06,0.00013147176,3.2441964e-06,2.2661164e-05,1.478204e-06,5.3837068e-05,1.3506484e-05,0.99974626
20180105-100017-3.jpg,8,8,1.0186066e-05,7.3638884e-06,2.754123e-06,1.2803087e-05,7.348975e-06,1.503822e-06,0.00022798924,1.9849633e-05,0.9997102
20180105-100047-2.jpg,8,8,3.9049236e-05,2.3356328e-05,0.00015712245,1.643254e-05,9.5188973e-05,0.00015124602,0.00048840265,2.270725e-05,0.99900649
20180105-100100-2.jpg,8,8,2.4515641e-05,2.9653137e-05,3.606415e-05,1.1882848e-05,3.8451893e-05,3.8853057e-05,0.00037389731,4.6357337e-05,0.99940032
20180105-100109-2.jpg,8,8,5.7872258e-06,1.0520881e-05,1.4740163e-05,3.8281489e-06,1.8731622e-05,5.0211383e-06,0.00013772432,1.3343426e-05,0.9997903
20180105-100155-2.jpg,8,8,0.00079163801,2.5842114e-05,2.6607323e-05,0.00022501542,0.00013796354,1.1529231e-05,0.0022959513,0.00046141242,0.99602404
20180105-100214-2.jpg,8,8,6.9589008e-05,6.4210597e-05,5.5132685e-05,5.4950067e-05,0.00016380535,1.4854045e-05,0.0085259852,0.00072358353,0.99032789
20180105-100246-2.jpg,8,8,0.00040910012,5.6457254e-05,0.00048317698,0.00035394241,0.00091284874,5.4169301e-05,0.0086168066,0.0025488779,0.98656462
20180105-100429-2.jpg,8,8,0.00056054045,0.00029474188,0.00061747844,7.5698647e-05,0.0017523189,8.4615178e-06,0.0018982878,0.00022201575,0.99457046
20180105-100512-2.jpg,8,8,1.227703e-05,8.7364746e-06,3.3863224e-06,8.0927929e-06,1.1449697e-05,7.3786663e-06,0.00017734202,0.00012985548,0.99964148
20180105-100538-2.jpg,8,8,1.6579737e-05,6.1483767e-06,1.3110074e-05,6.3009904e-06,2.3320288e-05,7.0095869e-05,0.00019452732,5.0412893e-05,0.9996195
20180105-100658-3.jpg,8,8,0.00066077381,0.00025091862,0.0012791599,0.00024183572,0.002071444,2.7405876e-05,0.0043472563,0.00038447071,0.99073674
20180105-100749-3.jpg,8,8,0.00021496484,0.00025717368,7.2147311e-05,9.7737262e-06,5.5224018e-05,3.430737e-06,0.00050502967,4.7365904e-05,0.99883489
20180105-100754-2.jpg,8,8,0.0055059162,0.0013372897,0.0019989778,0.00017344837,0.00056090975,2.2520025e-05,0.0019182559,0.0040834789,0.9843992
20180105-100858-3.jpg,8,8,3.2218489e-05,4.2670796e-05,1.2003327e-05,5.699011e-06,1.6073849e-05,6.8765355e-07,0.00049768504,1.3785516e-05,0.99937918
20180105-100906-2.jpg,8,8,7.207188e-06,4.5660181e-06,6.3677862e-06,2.7401138e-06,8.7078478e-06,3.3358092e-06,8.5587126e-05,1.28573e-05,0.99986863
20180105-101032-3.jpg,8,8,1.3976649e-05,4.153625e-06,5.1135184e-06,1.2009199e-05,1.9656829e-05,9.0973922e-06,0.00029989542,1.4663587e-05,0.99962143
20180105-101202-2.jpg,8,8,4.9244204e-06,7.8986992e-06,7.3032636e-06,5.6428358e-06,6.4557559e-06,1.0319799e-05,0.00052620669,4.1690896e-05,0.99938956
20180105-101224-2.jpg,8,8,9.0875607e-06,8.5908949e-06,1.1868925e-05,4.0825403e-06,1.443566e-05,1.1895946e-06,3.051732e-05,1.6391375e-05,0.99990384
20180105-101232-2.jpg,8,8,8.6746511e-06,5.5167393e-06,1.1987604e-05,6.2519733e-06,1.1023038e-05,4.8317459e-07,0.00029587943,2.1655989e-05,0.99963853
20180105-101248-2.jpg,8,8,2.5633191e-05,2.1475306e-05,2.6893165e-05,1.1082983e-05,4.9044602e-05,1.4192063e-06,0.00019705676,3.2254844e-05,0.99963514
20180105-101256-2.jpg,8,8,0.0010035481,0.00041705995,7.2673412e-05,0.0016401208,0.00013332198,4.8832188e-06,0.0046423353,0.0093415802,0.98274448
20180105-101313-2.jpg,8,8,0.0013621223,0.0038139971,0.013842712,0.00023143885,0.002698709,5.1025834e-05,0.020618824,0.00049651525,0.95688465
20180105-101341-2.jpg,8,8,0.0016827459,7.622312e-05,4.3546399e-05,0.00043733182,0.00046614038,8.275569e-05,0.009202189,0.0043590175,0.98365005
20180105-101350-2.jpg,8,8,1.1460501e-05,3.1610135e-06,2.2170138e-06,1.0150307e-05,9.1193577e-06,2.0405349e-06,0.00045228163,3.0440497e-05,0.99947913
20180105-101455-2.jpg,8,8,7.7243183e-06,8.2350639e-06,1.3025921e-05,4.8698967e-06,1.0463685e-05,1.0436077e-06,5.8572248e-05,7.8631291e-06,0.9998882
20180105-101610-2.jpg,8,8,0.00015834658,3.5076782e-05,4.524973e-05,2.5504912e-05,8.2421307e-05,1.7673047e-05,0.00082093469,0.00018412926,0.99863066
20180105-101633-2.jpg,8,8,1.2808129e-05,5.8719518e-06,7.8746005e-06,6.7576229e-06,2.1338114e-05,2.6626641e-06,9.108265e-05,9.2816887e-06,0.99984232
20180105-101700-2.jpg,8,8,9.21346e-06,6.7890198e-06,4.919184e-05,5.1735802e-06,4.2985438e-05,1.7874561e-05,0.00018870823,7.6425384e-06,0.99967242
20180105-101708-2.jpg,8,8,1.63939e-05,2.3744031e-05,1.4517965e-05,4.841826e-06,2.0388499e-05,3.9232389e-06,0.0011947973,0.00037973809,0.99834166
20180105-101728-2.jpg,8,8,1.697204e-05,6.042568e-06,3.290472e-05,1.128354e-06,2.3516745e-05,2.1335337e-06,2.4820148e-05,5.2853996e-06,0.9998872
20180105-101736-2.jpg,8,8,1.3587196e-05,1.4233398e-05,9.1977509e-06,6.8499832e-06,7.1345999e-06,2.5845607e-05,0.002911999,0.00017796433,0.99683319
20180105-101744-2.jpg,8,8,0.0002489379,8.2263282e-05,2.0318474e-05,4.977845e-05,1.1778708e-05,0.00017749621,0.0016129946,0.0061542855,0.99164215
20180105-101758-2.jpg,8,8,8.9757385e-05,4.2961276e-05,2.9933248e-05,9.2095922e-05,0.00016584627,3.7295834e-05,0.011219539,0.0082015717,0.980121
20180105-101817-2.jpg,8,8,0.00055539048,0.015920767,0.00051519256,4.770042e-05,0.0002308891,4.6937208e-05,0.030416478,0.048004311,0.90426233
20180105-101832-2.jpg,8,8,1.2557266e-05,1.1920148e-05,9.9385402e-06,7.4387314e-06,5.7008603e-06,8.6578683e-06,0.00011321088,6.300523e-05,0.99976757
20180105-101904-2.jpg,8,8,8.4191561e-05,3.4472578e-05,1.0233302e-05,6.5172737e-05,4.6977821e-05,0.00010056874,0.039098173,0.00057933487,0.95998087
20180105-101955-2.jpg,8,8,2.716337e-05,7.851104e-06,5.3420366e-06,8.7070461e-06,2.3830548e-05,4.2345149e-06,0.00011949791,3.8716038e-05,0.99976466
20180105-102024-2.jpg,8,8,5.0547506e-05,1.4062817e-05,7.9672233e-06,1.3944916e-05,5.5791939e-05,4.8254091e-06,0.00017088641,0.00014652786,0.99953545
20180105-102115-2.jpg,8,8,1.2806288e-06,5.3660259e-06,1.656576e-05,1.8542288e-06,3.8429977e-05,1.8491456e-06,9.4407249e-05,3.1077411e-06,0.99983714
20180105-102302-1.jpg,8,8,8.8983859e-06,9.3308639e-06,6.1979905e-07,3.7916745e-06,6.4525289e-06,9.7113388e-07,7.392824e-05,3.363323e-06,0.99989264
20180105-102319-1.jpg,8,8,0.00023472834,0.00065921837,0.00015605821,7.9309337e-05,0.00024597598,7.2703104e-06,0.0026253088,6.8190844e-05,0.99592394
20180105-102339-1.jpg,8,8,2.6691437e-05,9.5647875e-06,3.1116551e-06,7.4758247e-06,2.0049616e-05,1.2096367e-06,8.3454278e-05,1.4141948e-05,0.9998343
20180105-103706-2.jpg,8,6,0.00023335707,0.00050512077,2.1061441e-05,0.00014785959,4.5019537e-05,8.1592202e-05,0.50857556,0.0048642214,0.48552621
20180105-104428-1.jpg,8,8,0.00013267613,0.00020371897,0.0016739903,2.9581237e-05,9.3547453e-05,1.1448083e-05,0.00041178546,5.3206722e-05,0.99739005
20180109-065853-2.jpg,8,8,6.2119171e-06,7.7569789e-06,1.2939804e-05,4.3381051e-06,7.8000412e-06,1.1275749e-05,8.7218646e-05,7.3181219e-06,0.99985514
20180109-070000-1.jpg,8,8,2.9176952e-05,2.2810277e-05,5.7211799e-06,6.3230529e-06,2.4234914e-05,4.3937192e-06,0.00069157738,6.2927851e-05,0.99915283
20180109-070000-2.jpg,8,8,0.00010736909,7.4554424e-05,6.4869903e-05,6.2671902e-05,5.9044317e-05,4.337876e-05,0.00078874918,9.0347429e-05,0.99870901
20180109-070059-2.jpg,8,8,5.2787591e-05,0.0002386905,0.0012501183,2.7871529e-05,6.4337433e-05,1.1355712e-05,0.00054529206,2.6123903e-05,0.99778342
20180109-070118-2.jpg,8,8,0.00013665008,0.00022444988,0.0077879587,0.00015757578,0.00035987778,2.2970501e-05,0.0012644789,0.00021408662,0.98983195
20180109-070124-1.jpg,8,8,1.6703506e-05,2.3533831e-06,1.8814429e-06,7.4838022e-06,5.4356559e-06,4.8483304e-06,8.9923088e-05,2.815017e-05,0.99984322
20180109-070154-2.jpg,8,8,8.1493369e-05,0.00011357156,0.00010004364,1.6423948e-05,4.4243048e-05,4.5350959e-05,0.00013003896,5.8660663e-05,0.99941017
20180109-070211-1.jpg,8,8,5.0863173e-06,2.5056051e-06,1.93952e-07,3.2866615e-06,1.377598e-06,1.9433661e-06,8.1588851e-05,7.0194892e-06,0.999897
20180109-070732-1.jpg,8,8,5.678216e-05,2.3811873e-05,3.6803059e-06,3.0963189e-05,8.6380985e-06,2.3699548e-06,9.4225039e-05,5.2822009e-05,0.99972671
20180109-070826-2.jpg,8,8,0.0029807055,0.00069763535,0.025221798,5.2694495e-05,0.0010630501,3.358377e-05,0.00014705079,0.00076408732,0.96903939
20180109-070837-1.jpg,8,8,1.163352e-05,5.4217246e-06,1.2376004e-05,8.1647558e-06,1.9962076e-05,2.8342069e-05,0.0013626977,5.8777357e-05,0.99849262
20180109-070909-1.jpg,8,8,1.0045709e-05,2.0856498e-05,8.4448278e-07,8.5705454e-06,5.9021908e-06,5.1507053e-06,0.012583724,7.9384722e-05,0.98728552
20180109-070954-2.jpg,8,6,0.00024625185,0.15749053,0.00020250204,8.9172813e-06,7.6894649e-05,8.4340514e-05,0.83697012,0.0004763356,0.0044441078
20180109-071004-2.jpg,8,8,0.00024266283,0.00040132088,0.00067026956,2.4852099e-05,3.7964947e-05,3.1577381e-05,0.00027940105,0.00016960954,0.99814234
20180109-071048-2.jpg,8,8,0.00015287918,0.00010189457,0.00021877489,1.6204882e-05,2.6423058e-05,1.4960269e-05,0.00037586298,0.00026525976,0.99882774
20180109-071157-2.jpg,8,8,3.5296964e-05,0.00017590736,0.00014403224,2.5469358e-05,5.5848908e-05,2.9394816e-05,0.00030973404,1.8493272e-05,0.99920582
20180109-071214-2.jpg,8,8,0.004358271,0.0025073651,0.020758143,0.0013600469,0.0017172788,0.0011782404,0.021918762,0.0013038488,0.94489804
20180109-071220-1.jpg,8,8,3.9364534e-05,3.6311702e-05,4.0341256e-06,2.1772201e-05,1.8788954e-05,2.1162691e-05,0.0042944404,0.00021524834,0.99534888
20180109-071333-2.jpg,8,8,9.0066869e-05,0.00013133264,2.2094043e-05,2.9454096e-05,2.0262514e-05,5.108667e-06,0.00031933377,0.00013673308,0.99924561
20180109-071343-1.jpg,8,8,1.8694174e-05,0.00010033393,4.1674597e-06,2.7774323e-05,2.460604e-06,1.3673288e-06,0.00041197413,3.3184126e-05,0.99940004
20180109-071437-2.jpg,8,8,5.8262639e-06,1.5168255e-05,1.7737965e-05,2.8029633e-06,8.0081304e-06,3.0677836e-06,0.00019224353,2.8266741e-05,0.99972688
20180109-071546-1.jpg,8,8,0.00013208564,0.0002006842,1.3668305e-05,4.7823275e-05,4.9472891e-05,9.6652416e-05,0.32577969,0.0010771196,0.67260281
20180109-071546-2.jpg,8,8,0.00058590695,0.00016692826,0.00063171513,0.00040632426,0.00027805229,0.0015144261,0.23568587,0.0020100449,0.75872073
20180109-071557-1.jpg,8,8,5.3559027e-05,2.6218184e-05,4.63235e-06,3.2777763e-05,1.8078456e-05,2.7768348e-06,0.0076505,0.00027533063,0.99193613
20180109-071627-2.jpg,8,8,8.3508502e-05,0.00036468441,0.0078447099,0.00015595734,0.00038006378,6.1412304e-05,0.015221551,0.0015507707,0.97433734
20180109-071643-2.jpg,8,8,0.00012102885,0.0002392334,0.00021488451,2.2550567e-05,2.8902041e-05,1.0779699e-05,0.00063341088,0.00014267516,0.99858653
20180109-071651-2.jpg,8,8,0.00030968045,0.0018071957,0.0025277354,0.00035090371,0.00025288745,0.00015114146,0.02563476,0.00077382191,0.96819187
20180109-071708-1.jpg,8,8,2.1598844e-05,1.3336091e-05,3.3504251e-06,1.3358545e-05,2.1290648e-05,2.1909641e-06,0.00054694869,4.3802007e-05,0.99933412
20180109-071804-1.jpg,8,8,5.2389425e-06,1.2501462e-05,1.4413651e-06,5.9875038e-06,6.9099935e-06,1.1386581e-06,0.00019329721,2.3997225e-05,0.99974949
20180109-071845-1.jpg,8,8,4.261847e-06,4.7699241e-06,4.155866e-07,3.1780863e-06,1.6008709e-06,8.9836547e-07,1.9991227e-05,5.3198496e-06,0.99995956
20180109-071910-1.jpg,8,8,0.0047513413,0.0035988907,0.00016167487,3.3162694e-05,0.00084497647,3.1218929e-05,0.00062949993,0.00011202274,0.98983721
20180109-071951-2.jpg,8,8,0.0018691265,0.001484299,0.0072623863,0.0001663414,0.00050077002,3.7344686e-05,0.0074099909,0.0013003255,0.97996942
20180109-072219-2.jpg,8,8,1.1926824e-05,4.500353e-05,9.475891e-05,1.7700161e-05,1.4282696e-05,1.3800424e-05,0.0011812435,5.6830361e-05,0.99856445
20180109-072309-2.jpg,8,8,0.00022580341,0.00055224388,0.0013275839,4.263157e-05,1.2930684e-05,3.6752647e-05,0.0016348782,0.00040481348,0.99576236
20180109-072327-1.jpg,8,8,8.8831856e-06,1.7033865e-05,2.6826048e-06,1.728089e-05,3.7735279e-05,5.0266259e-06,0.0086111339,1.4186358e-05,0.99128604
20180109-072341-1.jpg,8,8,5.1790247e-06,1.0808964e-05,5.6130632e-07,1.6611167e-05,3.5634527e-06,2.6865627e-06,0.0027334876,5.7770082e-05,0.99716933
20180109-072402-1.jpg,8,8,2.2051445e-05,0.00016519948,2.9666664e-06,8.0744631e-05,8.672512e-06,2.3627444e-05,0.2518325,0.00026681603,0.74759742
20180109-072501-2.jpg,8,8,1.4037962e-05,3.8315805e-05,0.00016828442,1.4679326e-05,3.1466785e-05,7.656174e-05,0.048839472,0.0010021987,0.94981498
20180109-072527-2.jpg,8,8,0.00012963279,0.0005986026,0.0014898574,4.9826102e-05,0.00086253071,1.1870676e-05,0.00031328745,0.00013815643,0.99640624
20180109-072534-1.jpg,8,8,0.00028444213,2.0401699e-05,3.2410372e-06,8.0271732e-06,1.5626113e-05,4.857429e-06,9.6844479e-05,0.00011972505,0.99944683
20180109-072554-2.jpg,8,8,5.6800956e-05,0.00021333369,0.0001559874,1.2732788e-05,1.5426865e-05,3.5611462e-06,0.0011983278,3.8312447e-05,0.99830552
20180109-072606-1.jpg,8,8,5.9305352e-06,9.2089079e-06,1.2015414e-06,7.4265555e-06,5.3422381e-06,5.5739937e-06,0.0011400521,5.2599162e-05,0.99877266
20180109-072622-1.jpg,8,8,2.0868786e-05,8.3522103e-06,1.7897827e-06,2.2404697e-05,1.3508363e-05,1.9334e-05,0.0055492419,0.00014441159,0.99422009
20180109-072632-1.jpg,8,8,3.1837394e-06,2.007774e-06,7.0716657e-07,5.0045651e-06,3.1745104e-06,2.5322181e-06,0.00014077002,4.4680129e-05,0.99979794
20180109-072648-1.jpg,8,8,9.9436526e-05,7.6561073e-05,5.1394338e-05,3.1242829e-05,0.00011294525,5.9168498e-05,0.070873159,0.00019346058,0.92850263
20180109-072740-2.jpg,8,8,0.00026325577,0.00017141623,0.00023706807,4.2238209e-05,1.1508421e-05,4.002112e-06,0.00040299394,0.0005981673,0.99826935
20180109-072752-2.jpg,8,8,2.1594406e-05,0.0010891149,1.6403805e-05,1.0939542e-05,1.6284189e-05,2.9049686e-05,0.012266525,0.00010394916,0.98644614
20180109-072803-1.jpg,8,8,3.0477228e-06,2.0804486e-06,5.3101345e-07,5.2048208e-06,2.2350165e-06,4.8393356e-07,6.0516475e-05,1.5327434e-05,0.99991057
20180109-072828-2.jpg,8,8,0.00087056327,0.0011749483,0.0016839907,0.00099927886,0.00093677595,0.0012578283,0.44495723,0.0072197773,0.5408996
20180109-072834-1.jpg,8,8,5.1971729e-06,1.8118313e-05,1.9577008e-06,3.0794595e-06,6.8520364e-06,2.0196272e-06,0.00044928509,5.3753152e-05,0.99945974
20180109-072920-1.jpg,8,8,9.8120396e-06,2.1867104e-05,3.2138867e-06,1.0825698e-05,4.1434188e-06,1.200455e-06,0.00054763336,2.5994099e-05,0.99937531
20180109-072959-1.jpg,8,8,7.203755e-06,5.7472559e-06,2.9022661e-07,1.1614175e-05,1.5741666e-06,1.7836714e-05,0.0027616384,4.1614933e-05,0.99715248
20180109-073016-1.jpg,8,8,1.4191722e-05,1.6149266e-05,2.5466957e-06,1.8751605e-05,7.6192955e-06,1.6448083e-06,0.00060431409,4.4436691e-05,0.99929035
20180109-073024-2.jpg,8,8,2.4760107e-05,0.00043787082,3.5611702e-05,0.00010354926,4.8198002e-06,4.2706887e-06,0.0002904678,0.00018836802,0.99891028
20180109-073129-2.jpg,8,8,0.00023593241,0.00099044077,0.00079786366,2.3676362e-05,2.4220535e-05,6.4630174e-06,0.0020735259,0.00049859882,0.99534928
20180109-073133-1.jpg,8,8,8.1663868e-06,2.3701029e-05,7.8997948e-06,6.1253875e-06,3.1215932e-06,1.1020055e-05,0.00050086316,1.6003353e-05,0.9994231
20180109-073156-2.jpg,8,8,6.6101905e-05,0.00051943967,1.9028708e-05,9.4161906e-06,1.7524893e-05,0.00016344967,0.003217391,3.9567488e-05,0.99594808
20180109-073223-1.jpg,8,8,5.0144465e-05,6.9477205e-05,2.5607775e-06,2.1153018e-05,5.7148917e-06,3.0934699e-06,0.00052759942,0.00043575055,0.99888451
20180109-073225-2.jpg,8,8,4.1355761e-05,0.00063715926,9.6137118e-06,2.1796155e-05,1.1726875e-05,0.00024831682,0.0023045883,0.00018145507,0.99654399
20180109-073235-2.jpg,8,8,1.8368221e-05,0.00050729908,5.1924542e-06,7.2992887e-06,3.5695589e-06,5.3526867e-06,0.0012117711,9.540788e-05,0.99814574
20180109-073313-2.jpg,8,8,0.00021585658,0.0012429849,1.3152658e-05,3.4594764e-05,2.2816617e-05,0.00010507416,0.0061987857,2.8103104e-05,0.99213863
20180109-073400-2.jpg,8,8,1.8619495e-05,0.00011084185,2.4705421e-06,4.6997384e-06,4.0283576e-06,2.4572596e-05,0.0010092823,2.1393299e-05,0.99880409
20180109-073835-2.jpg,8,8,0.00032724893,0.012717855,4.7364349e-05,3.5613763e-05,2.5777988e-05,3.3470698e-05,0.0011460253,0.0039932479,0.9816734
20180109-073844-2.jpg,8,8,1.7600643e-05,8.0818332e-05,2.463404e-06,8.4995015e-06,2.1132693e-06,9.1510348e-06,0.00039842395,6.8486575e-05,0.99941244
20180109-073916-2.jpg,8,8,0.00082738767,4.1378046e-05,7.370109e-06,7.7473045e-05,1.726977e-05,9.9003529e-05,0.00010666323,4.677346e-05,0.99877668
20180109-074022-1.jpg,8,8,1.5998866e-05,6.5623702e-06,1.4797573e-05,7.2553591e-06,1.8074284e-05,4.1394133e-06,0.00010204267,2.0797839e-05,0.99981033
20180109-074030-2.jpg,8,8,0.0003288749,2.9149187e-05,3.010395e-06,5.1793576e-05,1.1114694e-05,0.00011627226,4.4296598e-05,0.00013837713,0.99927711
20180109-074039-1.jpg,8,8,3.9683807e-06,1.9988569e-06,1.273402e-06,2.7226444e-06,3.0752344e-06,1.791349e-06,1.4858735e-05,8.7442365e-06,0.99996157
20180109-074135-1.jpg,8,8,2.836688e-05,3.1698083e-05,0.00016076497,6.3971428e-06,2.7248181e-05,1.1341015e-06,0.00010988616,1.7095414e-05,0.99961741
20180109-074156-2.jpg,8,8,8.4057291e-05,3.1873266e-06,6.053098e-06,3.6593238e-05,1.4694282e-05,7.9353365e-05,4.5691438e-05,2.4866723e-05,0.9997055
20180109-074248-1.jpg,8,8,0.0019255767,0.0011366392,0.00011819694,0.00059956904,0.00011956481,5.5861281e-05,0.0083108927,0.0026843914,0.98504931
20180109-074258-2.jpg,8,8,7.6694286e-05,1.5930249e-05,3.210957e-06,5.8338249e-06,8.0024516e-06,1.2556712e-05,4.4902944e-05,1.3111931e-05,0.99981976
20180109-074306-2.jpg,8,8,0.000106702,5.8928987e-05,1.2054147e-05,1.2607956e-05,1.1981844e-05,1.3756321e-05,0.00015844703,4.1942097e-05,0.99958358
20180109-074349-2.jpg,8,8,0.00018796916,3.3014132e-05,8.1569309e-06,2.240676e-05,2.3200243e-05,0.0001129066,0.00012226641,4.0864606e-05,0.99944922
20180109-074410-1.jpg,8,8,1.0749965e-05,6.5467984e-06,1.8573268e-06,3.9669136e-06,2.834609e-06,4.4101962e-06,0.00020937415,3.2750031e-05,0.99972751
20180109-074440-1.jpg,8,8,4.2357381e-06,2.8119741e-06,1.0885137e-06,4.4339425e-06,3.337542e-06,1.7226e-06,5.052688e-05,1.1665826e-05,0.99992018
20180109-074457-2.jpg,8,8,0.00014760012,5.8054754e-06,4.8766355e-06,1.4041255e-05,9.2546781e-06,6.1101933e-05,2.0202488e-05,3.7245899e-05,0.99969987
20180109-074539-2.jpg,8,8,8.1451948e-05,4.9418635e-06,4.0013942e-06,2.1279095e-05,7.2545756e-06,4.9854228e-05,2.6083828e-05,3.1015077e-05,0.99977412
20180109-074543-1.jpg,8,8,0.00018498752,0.00055103405,5.1557949e-05,0.00038034277,7.769398e-05,2.4141149e-05,0.013387032,0.0003142659,0.98502894
20180109-074604-1.jpg,8,8,9.7303936e-06,6.7259941e-06,1.3707853e-06,2.7385792e-06,2.1328076e-06,1.029843e-06,9.488129e-05,4.8332491e-06,0.99987656
20180109-074617-2.jpg,8,8,0.00032710141,9.6296124e-06,2.0515493e-05,3.6389811e-05,4.5408447e-05,5.5411039e-05,7.2815046e-05,8.7984229e-05,0.99934474
20180109-074740-1.jpg,8,8,0.00044067882,0.0010109643,0.0066784766,0.00019827659,0.00047736991,2.2449507e-05,0.015840414,0.0016726884,0.97365868
20180109-074833-1.jpg,8,8,0.00011594545,2.2164207e-05,5.1540157e-05,7.4975219e-05,6.0100432e-05,3.5300968e-05,0.043743966,0.00060436455,0.95529164
20180109-074841-2.jpg,8,8,0.00021970042,0.0050928837,4.0660097e-05,0.00011717559,2.1769023e-05,0.00055426469,0.010359196,0.00015361656,0.98344073
20180109-074924-1.jpg,8,8,0.00013892213,9.8271665e-05,3.976647e-06,3.0608091e-05,5.1871685e-06,8.2714739e-06,0.00029347981,0.00053035011,0.99889093
20180109-075105-1.jpg,8,8,0.0051011169,0.023852191,0.00014464578,2.0060242e-05,6.2251066e-05,4.05611e-05,0.0045901401,0.0077256047,0.95846343
20180109-075110-2.jpg,8,8,0.0012216293,0.00048665976,0.0026567597,0.00021601354,9.8416364e-05,0.001123624,0.0022327985,0.00019234628,0.99177175
20180109-075157-1.jpg,8,8,1.9947216e-05,3.0804627e-05,5.427614e-06,1.2524957e-05,5.3326704e-06,9.0810061e-07,0.0001906851,6.2024594e-05,0.99967235
20180109-075232-2.jpg,8,8,0.00093524194,0.0086840799,8.8196834e-05,2.6296268e-05,4.5724769e-05,1.0419332e-05,0.049637156,0.002254941,0.93831794
20180109-075237-1.jpg,8,8,4.614991e-05,8.3092754e-06,1.0022194e-05,5.1226378e-06,9.3640805e-06,6.6806982e-06,7.2304866e-05,3.9350661e-05,0.9998027
20180109-075247-2.jpg,8,8,0.22611683,0.14741161,0.002126908,0.020545875,0.00210486,0.0006946356,0.023623026,0.0045853812,0.57279087
20180109-075319-2.jpg,8,8,0.0004353145,0.00057408952,0.00017626095,8.8107598e-05,0.00014400728,0.00023350682,0.0097762277,0.00049949211,0.98807299
20180109-075329-2.jpg,8,8,0.00010637545,0.00017973705,0.00015692802,3.9305128e-05,4.3877499e-05,2.4503894e-05,0.0010502686,8.0872995e-05,0.99831813
20180109-075337-2.jpg,8,8,0.00032183441,9.8564336e-05,0.00025687798,5.5476952e-05,6.8416196e-05,3.5995197e-05,0.00070856878,9.9906928e-05,0.99835436
20180109-075356-2.jpg,8,6,0.00011188909,0.14446542,0.00024622362,4.7182406e-05,0.0002077338,3.2745349e-05,0.7436138,0.0036091762,0.10766582
20180109-075430-2.jpg,8,8,3.65906e-05,1.5545815e-05,0.00013948475,6.9627336e-05,3.312441e-05,0.00015348181,0.0016696247,0.00041269694,0.99746982
20180109-075456-1.jpg,8,8,1.1886072e-05,6.7746807e-06,1.3387969e-06,5.9306139e-06,1.1153599e-05,1.606426e-06,0.00010636639,6.2668628e-05,0.99979227
20180109-075509-2.jpg,8,8,1.5061446e-05,3.6553946e-05,7.2335957e-05,3.5988932e-06,3.4655037e-06,1.7259594e-06,0.00018428072,8.3611961e-06,0.99967462
20180109-075517-2.jpg,8,8,6.3209483e-06,8.3304556e-06,2.4542061e-06,4.8005449e-06,3.7156635e-06,1.412717e-06,0.0010620354,0.00010065098,0.99881028
20180109-075655-2.jpg,8,8,0.00016270194,0.00086300402,0.00016168758,3.7884689e-05,4.5642104e-05,3.4064628e-05,0.096482103,0.00031276346,0.90190015
20180109-075712-2.jpg,8,8,4.7636896e-05,0.00017480236,9.0182018e-05,2.0319536e-05,2.0215009e-05,1.1717069e-05,0.0006095889,4.9593572e-05,0.99897594
20180109-075720-2.jpg,8,8,0.00033841517,0.00020646584,0.0021543361,6.1729509e-05,6.947425e-05,1.5260543e-05,0.00035367213,0.00014048238,0.99666016
20180109-075741-2.jpg,8,8,6.0870732e-05,5.4999558e-05,0.00017729773,2.3889402e-05,1.1488931e-05,1.2445055e-06,0.00039600632,0.00040421722,0.99886999
20180109-080016-1.jpg,8,8,0.00029857264,7.4641399e-05,6.9375789e-06,1.2091154e-05,1.985756e-05,2.9643401e-06,0.00097543275,0.00019041476,0.99841909
20180109-080127-2.jpg,7,6,0.0027583115,0.004919846,5.7512269e-05,0.00061545687,9.1826984e-05,0.00036492809,0.82680481,0.1452593,0.019128006
20180109-080141-1.jpg,8,8,2.4763641e-06,3.3106134e-06,3.810708e-06,2.1831824e-06,6.5707699e-06,3.9664102e-06,7.523627e-05,7.1987038e-06,0.99989525
20180109-080148-2.jpg,7,7,0.0052910128,0.10897061,7.1820714e-05,0.00011661586,4.520432e-05,7.5495387e-05,0.073297593,0.80132199,0.01080966
20180109-080158-1.jpg,8,8,6.1472855e-06,4.5482867e-06,7.6335196e-06,2.4826669e-06,1.2974013e-05,5.0676647e-06,7.1099431e-05,1.1317034e-05,0.99987873
20180109-080219-2.jpg,7,7,0.0032482496,0.0043416725,3.5385155e-05,0.00014730555,4.1061553e-05,2.6262569e-05,0.015330823,0.9689276,0.0079016408
20180109-080311-1.jpg,8,8,1.1172339e-05,1.2664326e-05,2.2930332e-06,6.3659236e-06,4.5900525e-06,2.9358718e-06,0.015180234,6.0554269e-05,0.98471919
20180109-080420-1.jpg,8,8,9.3883241e-06,3.781095e-06,4.6615145e-06,7.6460605e-06,7.3516931e-06,1.92826e-06,0.0011293774,9.7643711e-05,0.99873822
20180109-080518-2.jpg,8,8,8.4213035e-05,0.00033856035,0.00015198073,3.1458668e-05,5.23936e-05,1.1562125e-05,0.00064959671,5.7285793e-05,0.99862295
20180109-080602-2.jpg,8,8,4.6679728e-06,1.7983274e-05,0.00011108945,1.6255969e-05,5.4299736e-05,3.0410549e-05,0.0076778851,0.00017711263,0.9919103
20180109-080610-2.jpg,8,8,5.7368417e-05,3.9353087e-05,2.2305473e-05,1.6362886e-05,1.6770253e-05,4.7766624e-06,0.0012906915,6.9379124e-05,0.99848299
20180109-080631-2.jpg,8,8,1.6179465e-05,7.1919379e-06,0.00022602038,6.1206255e-06,3.6160818e-05,1.2788042e-05,0.0046508902,0.00017802877,0.99486662
20180109-080736-2.jpg,8,8,0.00010818596,4.3270598e-05,0.00015459368,3.9193534e-05,8.9313944e-05,0.00010229187,0.00099691662,0.00016388342,0.99830235
20180109-085140-2.jpg,7,7,7.1615643e-05,0.0020173874,1.1732139e-05,1.8120578e-05,3.54032e-06,1.8961112e-06,0.00012639933,0.99758434,0.00016496858
20180109-085308-2.jpg,8,8,0.00026933347,0.044197561,1.7663105e-05,0.00053312813,3.7982242e-05,7.802229e-05,0.00085169089,0.0037146554,0.95029996
20180109-085325-2.jpg,8,1,0.0019751096,0.56575823,0.00018485141,0.00034341715,4.5735686e-05,2.0106878e-05,0.0010416273,0.16350879,0.26712213
20180109-085343-2.jpg,8,8,0.00091615599,0.22552874,0.0001594584,0.0004512375,4.0644444e-05,0.00065419712,0.001082101,0.040275552,0.73089191
20180109-085410-2.jpg,8,8,9.6788545e-05,9.6777677e-05,4.102111e-05,0.00051383844,1.0125291e-05,0.00011464708,0.0002246931,6.7051746e-05,0.99883506
20180109-085451-2.jpg,8,8,0.00063276634,5.506694e-05,8.8249535e-05,0.0015725921,1.8191949e-05,5.2108047e-05,0.00014295116,0.0010124389,0.99642564
20180109-085504-1.jpg,8,8,2.9832211e-05,6.1031132e-05,1.3725509e-06,1.6768272e-06,1.1109827e-05,6.2095058e-07,3.1345847e-05,2.2958063e-05,0.99984005
20180109-085529-1.jpg,8,8,1.2144285e-05,5.2951427e-05,1.6165513e-06,0.0002973135,3.441098e-06,6.2153808e-05,0.00055935627,0.00021090531,0.99880012
20180109-085534-2.jpg,8,8,0.0009067835,0.0025966475,0.00031415013,0.0011937007,1.4503432e-05,7.7883812e-06,0.0024266227,0.0011150402,0.99142476
20180109-085739-1.jpg,8,8,8.9118891e-06,2.4038139e-05,1.8522368e-07,1.2985733e-05,8.3736635e-07,8.7780058e-07,5.6800054e-05,1.631894e-05,0.99987904
20180109-085747-2.jpg,7,7,2.616967e-05,0.00021685744,3.7701892e-06,3.955245e-06,6.8758469e-07,7.3021012e-06,0.00010367889,0.99957076,6.6822062e-05
20180109-085840-1.jpg,8,8,0.0011483112,0.00077077894,3.764402e-05,0.00074924241,3.4511726e-05,0.00014059552,0.0075889647,0.034211988,0.95531796
20180109-085921-1.jpg,8,8,3.8166955e-05,5.0268233e-06,4.7269898e-07,0.00063715093,3.8542285e-06,1.5027859e-06,1.2004386e-05,0.00054379598,0.99875803
20180109-085932-1.jpg,8,8,0.001693802,0.005911888,0.00031722146,0.013105292,0.00022274822,0.006284446,0.0043728708,0.0021258603,0.96596587
20180109-085934-2.jpg,8,8,0.00010344992,0.00016486441,8.8096381e-05,0.000315871,6.9924492e-06,9.2674355e-06,0.00028913796,0.00026638743,0.99875593
20180109-085942-2.jpg,8,8,0.0001492881,9.7104672e-05,9.5725718e-05,0.0017587722,9.3570385e-06,4.635443e-05,0.00037869766,0.00041697569,0.99704772
20180109-090002-2.jpg,8,8,0.00049536181,0.00019189825,3.2871423e-05,0.0007431306,1.5883262e-05,4.5651577e-05,0.0033488841,0.0036304939,0.99149583
20180109-090103-1.jpg,8,8,0.0005142915,0.00030807069,0.0002381715,0.0024289247,7.191551e-05,0.00039934635,0.0021386849,0.00065926564,0.99324133
20180109-090131-1.jpg,8,8,6.7953625e-05,1.8015889e-05,1.8673164e-06,0.00016451161,3.8277556e-06,1.1387611e-05,0.00027125464,0.00048170832,0.99897947
20180109-090154-1.jpg,8,8,8.8194076e-06,4.6352314e-06,3.6986974e-07,3.3154109e-05,9.7391721e-07,2.4534214e-06,2.912769e-05,7.3128016e-05,0.99984734
20180109-090221-2.jpg,8,8,0.00058746336,0.00022968041,0.00011134405,0.0005485789,1.0385901e-05,1.4703968e-05,0.00018340246,0.0044272233,0.99388722
20180109-090240-2.jpg,8,8,0.0010055993,7.7386453e-05,9.6305208e-05,0.061787322,4.5421034e-05,9.7539414e-06,0.00087062131,0.0033005265,0.93280706
20180109-090254-1.jpg,8,8,8.1755827e-05,8.7638379e-06,3.9137868e-07,2.6475076e-05,1.7226247e-06,1.385764e-06,2.25042e-05,0.00014226327,0.99971474
20180109-090307-2.jpg,8,8,0.0018892231,0.00019492527,1.0507754e-05,0.00077097892,1.3711814e-05,3.548975e-05,1.165737e-05,0.0014242543,0.99564925
20180109-090333-2.jpg,8,8,7.8742678e-05,1.6124394e-05,1.3395307e-05,3.2436831e-05,2.776392e-06,3.8418597e-06,6.1931386e-05,0.00024274305,0.99954801
20180109-090342-1.jpg,8,8,8.7332425e-05,0.0046090501,2.0814087e-05,8.2769056e-05,2.1828573e-05,0.00010847388,0.30032031,0.0019583685,0.69279106
20180109-090402-1.jpg,8,8,0.00023506418,3.374949e-05,3.2708981e-06,0.00061836031,9.6386834e-07,1.2377103e-05,0.00011054501,0.00032229763,0.99866337
20180109-090426-1.jpg,8,8,5.4700003e-05,1.5198989e-05,1.5501537e-06,0.0002803929,1.9166412e-06,3.5088243e-06,5.4026998e-05,0.00078604023,0.99880267
20180109-090446-1.jpg,8,8,1.614407e-05,9.4472978e-06,9.5938792e-07,6.0213695e-05,1.0161811e-06,2.1540309e-06,4.1080253e-05,5.9729235e-05,0.99980926
20180109-090509-2.jpg,8,8,0.020679263,7.3909733e-05,0.0014298529,0.00077635456,6.7038684e-05,7.0175147e-05,0.00011798541,0.017321157,0.95946426
20180109-090512-1.jpg,8,8,7.947052e-05,2.7001364e-05,2.4785282e-06,4.5842306e-05,2.311526e-06,4.6354378e-06,4.6467455e-05,0.00032442395,0.99946737
20180109-090517-2.jpg,8,8,0.0041224414,0.0001697387,0.0011179201,0.02783855,0.0001031396,0.00092554244,0.0023821725,0.0027448166,0.96059568
20180109-090737-2.jpg,8,8,0.0021025414,0.00024762325,0.00023337891,0.0046189972,3.9721744e-05,0.11575866,0.00013578515,7.7654135e-05,0.87678564
20180109-090745-2.jpg,8,8,0.00017060022,0.0015617972,1.4321346e-05,7.9000302e-05,5.5011959e-06,0.000104611,0.00022102786,0.00011401418,0.99772913
20180109-090856-2.jpg,8,8,0.030601734,0.0032167207,0.0014988218,0.011398337,0.00039095859,0.028627194,0.0021097394,0.0087768704,0.91337962
20180109-090914-2.jpg,8,8,0.00011960265,4.2961342e-05,8.4968802e-05,0.00033173493,6.5416668e-06,5.9133187e-05,3.9421438e-05,0.00041723992,0.9988984
20180109-090929-2.jpg,8,8,0.0010823711,0.00012655569,1.1322246e-05,0.00067059208,6.6619936e-06,4.2883879e-06,1.9839921e-05,0.0003146896,0.99776368
20180109-090944-1.jpg,8,8,3.0826785e-05,8.9644095e-06,4.9983298e-06,5.2542519e-05,3.8781593e-06,2.0888982e-06,4.2088392e-05,0.00039296768,0.99946164
20180109-090947-2.jpg,8,8,0.0010314848,0.00060373875,7.4233039e-05,0.005255847,4.4232825e-05,0.0017023313,0.002194049,0.0011844969,0.98790959
20180109-091058-2.jpg,8,8,2.1122652e-05,2.0100553e-05,1.5165619e-06,9.9973172e-06,8.5282167e-06,1.7293157e-06,2.6645726e-05,9.2292598e-06,0.99990113
20180109-091334-2.jpg,8,8,7.3718313e-05,0.00075390148,7.2757066e-06,0.00036114412,1.1506028e-05,7.0892806e-05,0.00014044882,0.00017752503,0.99840359
20180109-091353-2.jpg,8,8,5.4825037e-06,2.224178e-05,5.7897737e-06,1.9187171e-06,3.2237008e-06,5.5028004e-06,0.00052754527,6.6339026e-06,0.99942166
20180109-091402-1.jpg,8,8,7.737079e-05,4.7602208e-05,3.4960308e-06,2.9548301e-05,1.9157015e-06,1.745885e-05,5.0582313e-05,9.8067315e-05,0.99967396
20180109-091440-1.jpg,8,8,1.3329142e-05,1.1455664e-05,5.6620103e-07,8.8866117e-06,1.1030387e-06,6.3698833e-07,0.0001110096,5.1079431e-05,0.99980193
20180109-091559-2.jpg,8,8,0.00011450016,2.1649506e-05,2.2417188e-05,1.2729048e-05,7.4234122e-05,3.9782356e-05,9.7128482e-05,2.427531e-05,0.99959328
20180109-091640-1.jpg,8,8,2.9427632e-05,6.0405486e-07,1.4344489e-06,4.4322565e-06,2.554235e-06,5.6223552e-06,2.3926597e-06,7.1767179e-06,0.99994636
20180109-091652-2.jpg,8,8,5.8804995e-05,7.3322441e-06,3.1006745e-05,2.4497841e-05,9.0414043e-05,3.5793553e-05,5.1897304e-05,1.31151e-05,0.99968714
20180109-091719-2.jpg,8,8,5.8491931e-05,1.9363912e-05,8.3601773e-06,1.2588426e-05,3.9727441e-05,2.0297957e-05,0.00010113188,1.7062191e-05,0.99972298
20180109-091736-2.jpg,8,8,3.2034318e-05,3.7586179e-06,2.555314e-06,8.2009334e-06,1.4425861e-05,1.2010561e-06,1.6786007e-05,6.269388e-06,0.99991477
20180109-091748-2.jpg,8,8,3.1971285e-05,1.895293e-05,2.4039907e-06,3.0076765e-05,2.6901437e-05,1.2107898e-06,4.1965207e-05,0.00014559972,0.99970092
20180109-091822-1.jpg,8,8,0.00011375923,3.0908595e-05,1.3097798e-06,9.1528194e-06,3.3222407e-06,1.5411299e-06,0.00035152487,0.00013778278,0.9993507
20180109-091900-2.jpg,8,8,0.014147035,0.0015544843,0.00013878504,7.1823551e-05,1.2988577e-05,7.0536598e-06,0.00095497609,0.0046454721,0.97846738
20180109-091907-2.jpg,8,8,4.7563068e-05,5.7179611e-05,9.9791589e-06,1.3642947e-05,7.1909547e-06,3.2802987e-06,0.00017793214,8.8660734e-05,0.99959457
20180109-091927-2.jpg,8,8,0.00058855033,4.4690559e-05,8.4690141e-05,0.00013458282,2.9157465e-05,0.00012086773,0.00028969883,0.00059666135,0.9981111
20180109-091942-1.jpg,8,8,0.0012716891,0.00022599069,1.1031288e-05,2.1528562e-05,1.3025371e-05,1.1409078e-06,3.3655787e-05,0.0017015476,0.99672039
20180109-092016-2.jpg,7,7,0.00014057317,6.1619487e-06,3.5397051e-06,2.2098254e-06,9.4598501e-07,5.3793417e-06,0.00034595775,0.99934055,0.00015468159
20180109-092025-1.jpg,8,8,8.6739245e-05,8.1538356e-05,8.2496273e-07,3.6116915e-05,1.3942984e-06,1.5101696e-06,2.602979e-05,0.00025040284,0.99951544
20180109-092052-1.jpg,8,8,0.0039053257,6.3460353e-05,1.4634053e-05,8.3613508e-05,6.5221576e-05,4.2172767e-06,4.5117817e-05,0.0019167278,0.99390168
20180109-092108-2.jpg,7,7,8.0702252e-05,4.8392886e-06,9.8393847e-07,3.4830087e-06,5.297406e-07,3.4827678e-06,2.8546665e-05,0.99978092,9.6516904e-05
20180109-092118-1.jpg,8,8,0.00064961125,2.9486265e-05,8.7119848e-06,6.1554603e-05,0.00010616134,1.1751554e-06,6.49373e-05,0.001312905,0.99776546
20180109-092137-2.jpg,7,7,2.5569504e-05,2.785923e-05,3.9437859e-06,7.4193223e-06,3.0701833e-06,5.0353583e-06,7.4228599e-05,0.99981118,4.1696514e-05
20180109-092212-2.jpg,8,8,9.2756386e-05,1.0360765e-05,1.6167583e-05,1.1894002e-05,3.4797228e-05,2.3170989e-05,3.6567837e-05,9.318295e-06,0.99976497
20180109-092237-1.jpg,8,8,0.00011696694,2.384359e-05,7.9952171e-07,1.1341352e-05,1.7570391e-06,3.6430033e-07,5.9562391e-06,0.00034368926,0.99949528
20180109-092305-2.jpg,8,8,0.00030952039,5.9860309e-06,1.0169218e-05,1.3154702e-05,1.6896787e-05,2.7393256e-06,1.9758472e-05,4.6972744e-05,0.9995748
20180109-092317-1.jpg,8,8,5.7564182e-05,5.0519051e-05,1.7374315e-06,1.6323655e-05,1.288919e-05,4.1300608e-07,4.8991198e-05,0.0001097214,0.99970184
20180109-092341-2.jpg,8,8,3.8974769e-05,3.8996798e-05,5.1387376e-05,0.00056107537,2.6142377e-05,0.00016670737,0.00082463116,0.00014057145,0.99815151
20180109-092355-2.jpg,8,8,0.0015570886,5.03616e-05,8.0327147e-05,0.00022220501,5.6972551e-05,0.00099851616,0.0020039882,0.0012361754,0.99379437
20180109-092523-2.jpg,8,8,8.8874084e-05,2.1075633e-06,1.5609436e-05,1.7557368e-05,3.0390003e-05,1.5183254e-05,3.2594193e-05,0.00016655678,0.99963113
20180109-094509-2.jpg,8,8,0.00033727286,1.9528796e-06,1.3260674e-05,1.7421753e-05,1.0449354e-05,4.8531913e-06,2.8748675e-06,4.110658e-05,0.99957081
20180109-094515-2.jpg,7,0,0.48924385,4.2567046e-05,6.604015e-05,7.0359839e-05,6.3723552e-05,0.00012155647,1.4137553e-05,0.070163683,0.44021408
20180109-094616-1.jpg,8,8,2.4085253e-05,9.4094271e-07,1.3528838e-06,2.448739e-05,1.1659579e-06,6.2589473e-07,2.1471105e-06,6.5016285e-06,0.99993869
20180109-094621-2.jpg,8,8,0.00011015846,4.73665e-06,1.5810606e-05,5.0836397e-05,2.0795815e-05,4.0143359e-06,5.1518015e-06,5.7348469e-05,0.99973115
20180109-094641-1.jpg,8,8,0.00024911701,3.6334448e-06,1.4205609e-06,3.9519084e-05,4.3382421e-06,2.9714747e-07,2.066156e-06,0.00060260458,0.999097
20180109-094707-1.jpg,8,8,0.00019661818,5.2784803e-05,4.1288096e-05,0.00045880936,9.2183892e-06,2.5475543e-06,0.00041334836,0.00024721055,0.99857817
20180109-094738-2.jpg,8,8,1.6314876e-05,6.1811088e-06,9.3598108e-05,0.00026628445,0.00064354928,4.4889256e-06,1.9150525e-05,1.2783561e-05,0.99893765
20180109-094914-2.jpg,8,8,3.8011696e-05,5.4577987e-06,7.0973744e-05,0.001099764,0.00049592077,3.417433e-06,1.2256452e-05,1.3211366e-05,0.99826099
20180109-094956-2.jpg,8,8,6.4917391e-05,4.6875342e-06,2.2814367e-05,4.5470418e-05,3.8245736e-05,5.4425596e-06,2.3655942e-05,1.1446032e-05,0.99978332
20180109-095059-1.jpg,8,8,8.497735e-05,2.3297137e-05,3.0190641e-06,0.00013909268,4.0687113e-06,1.5085441e-06,0.00010770843,8.2560931e-05,0.99955377
20180109-095059-2.jpg,8,8,0.00026751193,2.5089453e-05,9.5799038e-06,4.7089272e-05,3.1395871e-06,2.5009364e-06,1.9800939e-05,0.00061388923,0.9990114
20180109-095124-1.jpg,8,8,0.00061153356,3.7061653e-05,1.9437065e-05,9.0590252e-05,5.3943161e-05,8.6637806e-07,1.8403697e-05,0.001726119,0.99744205
20180109-095127-2.jpg,8,8,1.1794741e-05,3.2236772e-06,7.5279241e-06,1.8259653e-05,3.6317959e-05,2.8665055e-06,5.1346313e-06,4.0663052e-06,0.99991081
20180109-095152-2.jpg,8,8,2.4982547e-05,2.7068313e-06,3.6097796e-06,2.6835645e-05,1.6851399e-05,9.6619891e-07,8.864091e-06,6.4099572e-06,0.99990877
20180109-095245-1.jpg,8,8,0.012399539,0.00026650938,0.0001546793,7.6394709e-05,8.2701986e-06,1.1432896e-05,0.00049435482,0.0027763879,0.98381243
20180109-095253-1.jpg,8,8,0.00028840762,3.8319925e-05,5.13355e-05,1.65705e-05,7.060599e-06,2.0336386e-06,3.678518e-05,0.00039233282,0.99916715
20180109-095254-2.jpg,8,8,0.01648534,1.7103555e-05,5.7071539e-05,0.00015448564,0.00011827779,1.0819231e-05,5.3850965e-06,0.00031860763,0.98283291
20180109-095302-2.jpg,8,8,0.0086141611,1.8881316e-05,8.9018733e-05,6.5757263e-05,1.9787346e-05,6.9533253e-06,2.0511181e-05,0.00098524436,0.99017969
20180109-095357-1.jpg,8,8,0.00034421745,2.7051368e-05,1.0071158e-05,3.7728936e-05,1.9780202e-06,8.3394151e-07,1.3025572e-05,0.00062294433,0.99894215
20180109-095412-2.jpg,8,8,0.012051515,0.00082639579,0.0065454531,0.00022779578,0.00010086599,5.1976267e-05,5.4235717e-05,0.0084991721,0.97164259
20180109-095445-2.jpg,8,8,0.00051844687,1.2875468e-05,2.9702473e-05,0.00026171116,6.8248613e-06,6.6379452e-06,1.0654174e-05,0.00018837145,0.99896478
20180109-095505-2.jpg,8,8,0.011062319,0.00081453122,0.00033531848,0.21807422,0.00011413985,0.00012071995,0.00037919981,0.0058490207,0.76325053
20180109-095605-1.jpg,8,8,4.4017049e-05,8.489267e-06,5.9964343e-06,0.00015909631,1.6678658e-05,1.8773737e-07,4.172114e-05,1.5267116e-05,0.99970855
20180109-095621-1.jpg,8,8,0.00023369536,2.2032487e-05,3.2540974e-05,3.7691228e-05,6.1524576e-05,4.8691089e-07,1.6683818e-05,0.00019201734,0.99940333
20180109-095749-2.jpg,8,8,0.00096114974,0.00072090949,0.0001394143,0.0023186783,0.00014183628,0.11793667,0.00088791811,0.00027043402,0.87662299
20180109-095819-2.jpg,8,8,0.00060418622,0.00045796554,0.00025155658,0.00075866371,0.001057521,0.00022453363,4.3177964e-05,0.00042060674,0.99618179
20180109-095820-2.jpg,8,8,0.00057095407,0.0004852696,0.00022744619,0.00013043944,0.00044740142,7.8303265e-06,1.9977618e-05,0.00012611943,0.99798456
20180109-095830-2.jpg,8,8,0.0012039676,0.0004816543,0.00081385732,0.00048099927,7.4460408e-05,0.001086456,0.00027197473,0.00096532907,0.9946213
20180109-095906-1.jpg,8,8,6.7509351e-05,1.93239e-06,1.669078e-05,8.1803272e-05,2.1008027e-06,5.672473e-06,2.1817711e-06,1.3669822e-05,0.99980844
20180109-095921-2.jpg,8,8,3.5254326e-05,5.8012498e-05,9.2060058e-05,0.00010640622,3.5548436e-05,0.00065138168,0.00082017292,4.9373676e-05,0.99815179
20180109-100000-2.jpg,8,8,0.00027924183,0.0003521303,1.2930362e-05,0.00064669558,0.00038011716,4.2915507e-05,7.6161144e-05,5.7320311e-05,0.99815249
20180109-100010-2.jpg,8,8,0.00033825801,0.0042777803,2.6194937e-05,0.00064058711,0.0010357388,9.9918482e-05,7.2119685e-05,7.4308047e-05,0.99343509
20180109-100113-1.jpg,8,8,0.0017159159,0.00016877701,2.5372482e-05,0.0099104843,0.00019723716,1.4084454e-06,7.5037742e-05,0.0083669043,0.97953886
20180109-100225-2.jpg,8,8,9.8409818e-06,9.3990551e-05,5.4128705e-06,2.8428889e-06,7.8202341e-06,2.5187248e-06,3.6480335e-05,6.8704401e-06,0.99983422
20180109-100232-1.jpg,8,8,0.00040656856,2.9902208e-05,1.1073262e-05,0.00013679904,2.6723536e-05,6.1122597e-07,2.7761414e-05,0.0032100445,0.99615052
20180109-100329-2.jpg,8,8,0.00039721779,0.00010886238,4.8061814e-06,0.0016096669,0.00021317389,4.8940693e-06,8.4666878e-06,6.1672438e-05,0.99759124
20180109-100338-2.jpg,8,8,0.013616531,0.001037417,0.00100506,0.0035563656,6.0825039e-05,0.0010467626,0.00075562785,0.0047531136,0.9741683
20180109-100348-2.jpg,8,8,0.045094667,0.0021253405,0.0060966998,0.00085698692,0.0012826738,0.00056117483,7.2018024e-05,0.0032955599,0.94061488
20180109-100428-2.jpg,8,2,0.036465059,0.016541818,0.57707327,0.0009551182,0.050587386,0.0016527919,0.00073620964,0.0087290992,0.30725925
20180109-100526-1.jpg,8,8,0.0001078315,1.9517757e-06,6.1609949e-06,2.2700278e-05,1.5755026e-06,3.0850021e-07,1.5335479e-06,0.00018168946,0.99967625
20180109-100555-1.jpg,8,8,0.00020262907,5.02678e-06,2.6605832e-06,6.3641658e-05,8.5168342e-06,2.5126446e-07,3.6541475e-06,0.00066839959,0.99904522
20180109-100617-1.jpg,8,8,0.001454918,2.2772392e-05,5.7756402e-05,0.00052144099,7.7766406e-05,2.2431667e-06,3.2624472e-05,0.00056969063,0.99726079
20180109-100740-2.jpg,8,8,2.9205992e-05,0.0025135558,4.1106683e-06,0.00014142827,1.1886551e-05,1.2339011e-05,0.00058138338,1.921923e-05,0.99668687
20180109-100752-1.jpg,8,8,2.723433e-05,3.6317936e-06,6.1346456e-07,3.1149889e-06,1.8023806e-06,1.6587618e-07,2.3782271e-06,1.7244127e-05,0.99994381
20180109-100843-1.jpg,8,8,1.2385064e-05,4.1394199e-06,3.5196519e-07,1.1665859e-05,1.5730195e-06,1.5808276e-06,8.0524291e-06,6.4900536e-06,0.99995376
20180109-101007-2.jpg,8,8,1.229741e-05,9.5331361e-05,2.2933251e-06,1.287033e-05,4.7709947e-06,2.5831428e-05,0.0010055231,9.915104e-06,0.99883117
20180109-101017-1.jpg,8,8,2.061492e-05,4.86273e-06,5.3397765e-07,9.7787158e-06,1.3695507e-06,6.9177768e-07,9.1272028e-05,0.00011617404,0.9997547
20180109-101046-2.jpg,8,8,2.1099715e-05,0.00022403202,8.0179574e-07,2.1581924e-05,2.1812608e-06,1.6165814e-05,0.00010268789,1.8767012e-05,0.99959268
20180109-101049-1.jpg,8,8,1.920024e-05,3.9192211e-07,2.1346816e-07,1.8394031e-06,5.7894776e-07,6.2847451e-07,5.3136606e-07,3.0438039e-06,0.99997357
20180109-101131-2.jpg,8,8,0.00012911483,4.9675097e-05,1.054502e-06,4.4459728e-05,8.4825852e-06,4.9901964e-06,0.0013107764,0.00021591331,0.99823553
20180109-101155-1.jpg,8,8,1.7625088e-05,7.9380056e-06,5.8292801e-07,1.0317103e-05,1.9423041e-06,1.9972198e-06,9.3322554e-05,7.314134e-05,0.99979313
20180109-101208-2.jpg,8,8,7.2597964e-05,0.00015503078,2.1239382e-06,5.7820008e-05,1.3847545e-05,5.0069977e-06,0.0042494607,0.00022422707,0.99521989
20180109-101209-2.jpg,8,8,0.0021855829,0.0002535951,3.1903237e-05,6.3348884e-05,0.00013716179,2.106626e-05,4.1111762e-05,0.00037069743,0.99689553
20180109-101235-1.jpg,8,8,4.6123381e-06,3.0171071e-06,1.2574595e-07,2.3631849e-06,5.2591236e-07,7.6850867e-08,1.1685699e-06,2.3505681e-06,0.99998576
20180109-101329-1.jpg,8,8,9.8717389e-05,2.1352443e-05,2.9160129e-06,1.08562e-05,4.5235431e-06,3.9375823e-07,1.5842317e-05,0.00013117714,0.99971422
20180109-101333-2.jpg,8,8,8.0667786e-05,0.00014139388,2.0521935e-06,6.823981e-05,6.922244e-06,2.1305457e-05,0.00041868565,7.3760722e-05,0.99918697
20180109-101342-2.jpg,8,8,1.3170579e-05,2.9008523e-05,5.5326852e-07,1.4220719e-05,4.9050591e-06,1.0466139e-05,0.00086109126,4.3461763e-05,0.99902312
20180109-101522-1.jpg,8,8,0.00014288866,1.7265614e-06,3.7276179e-06,7.9933013e-05,2.0106583e-06,5.9830706e-07,3.5542848e-06,0.00036914504,0.99939642
20180109-101525-2.jpg,8,8,0.0015204549,0.0048012923,1.2624344e-05,0.00026960485,0.00023032546,9.8160748e-05,0.00021498929,0.00055713972,0.99229541
20180109-101542-2.jpg,8,8,0.036253264,0.01238066,0.065675571,0.010996397,0.016312785,0.00072973282,0.00021961257,0.017326116,0.84010586
20180109-101549-1.jpg,8,8,7.4426819e-05,5.4388239e-06,7.0206897e-06,0.00019471466,4.465668e-06,2.4915526e-06,0.00019718711,7.1467896e-05,0.99944279
20180109-102800-2.jpg,8,8,0.0001672596,0.00069404197,0.00022525073,0.0010406972,0.00011677011,9.7975015e-05,0.00037854004,8.4384143e-05,0.99719508
20180109-102825-2.jpg,8,8,5.634632e-05,0.00012342298,6.4158362e-05,0.00011034939,6.2354998e-06,0.00013008279,7.283815e-05,6.6180923e-05,0.99937039
20180109-102917-1.jpg,8,8,6.88946e-05,1.0808381e-05,1.0840369e-05,1.9326425e-05,6.8947139e-06,2.9019787e-07,3.667996e-05,5.3116529e-05,0.99979315
20180109-102924-2.jpg,8,2,0.0012333851,0.0019915871,0.75460118,0.00011765656,0.0022251695,0.0003482592,0.00038541639,0.00052338677,0.23857396
20180109-102925-2.jpg,8,8,0.1531063,0.00071097445,0.00068122868,0.00040069688,0.00072226985,4.8949397e-05,3.1045069e-05,0.0031675147,0.84113102
20180109-102940-2.jpg,8,8,0.0066084478,0.00055370377,0.0038342169,0.00062050629,0.0010421817,3.328608e-05,8.7000986e-05,0.0017913189,0.98542934
20180109-102947-1.jpg,8,8,2.7232911e-06,8.1010802e-07,1.61049e-06,2.0917787e-06,2.634322e-06,4.7224215e-07,2.29355e-06,4.9941769e-06,0.99998237
20180109-103020-2.jpg,8,8,0.031680755,0.017076196,0.008302421,0.00043078053,0.038346257,0.00019333443,0.00013140228,0.0033501512,0.9004887
20180109-103036-2.jpg,8,8,0.00056576537,5.8544949e-05,0.0012618751,3.4746379e-05,0.0011366873,2.5236182e-06,1.0841031e-05,0.00011552915,0.99681349
20180109-103247-2.jpg,8,8,0.00030523534,0.00024589648,0.00045362214,0.00037593687,7.7110765e-05,0.00018112233,0.00055207888,0.00014836585,0.99766063
20180109-103257-2.jpg,8,8,7.7521574e-05,0.00026232771,0.064379248,0.000683298,0.00061171119,9.3155216e-05,0.00044047967,0.00014263156,0.93330963
20180109-103331-2.jpg,8,2,0.00025330046,0.0018856759,0.74748576,0.00058602559,0.0015429812,0.0004731116,0.0033665052,0.00049030087,0.24391634
20180109-103333-1.jpg,8,8,2.2430048e-05,8.436377e-06,2.5253286e-06,2.3691501e-06,2.7878892e-05,5.3056727e-07,2.1130035e-06,1.2116275e-05,0.9999216
20180109-103343-1.jpg,8,8,1.2567337e-06,2.4182881e-06,3.2338676e-06,1.2849318e-06,3.86262e-06,2.2607543e-07,3.3654814e-06,2.8226678e-06,0.99998153
20180109-103404-1.jpg,8,6,0.0037697823,0.1223304,0.00043312161,0.0021169504,0.00025593344,3.6608942e-05,0.44038875,0.12868373,0.30198473
20180109-103416-2.jpg,8,8,0.00010341969,0.0017760238,0.031422304,0.00010326506,0.00020986693,0.00046185634,0.0049414709,0.00018618594,0.96079561
20180109-103423-1.jpg,8,8,2.3855174e-06,7.0268283e-06,1.190981e-06,1.5142563e-06,5.8844843e-06,1.5483057e-06,2.741224e-06,1.0843266e-06,0.99997662
20180109-103437-1.jpg,8,8,1.7414052e-05,5.6374978e-06,3.6995447e-06,3.274457e-07,6.6899618e-06,5.0430885e-07,6.4546007e-06,1.3338413e-05,0.99994593
20180109-103445-1.jpg,8,8,1.0752819e-05,6.7680191e-05,0.00063599977,3.8405102e-06,2.5196736e-05,1.1433341e-06,2.7832586e-05,3.5903078e-05,0.99919165
20180109-103502-2.jpg,8,8,6.6669294e-05,4.110457e-05,0.00051993779,6.0368746e-05,1.205434e-05,1.625196e-05,4.5674608e-05,5.8022707e-05,0.99917992
20180109-103511-2.jpg,8,8,0.00014592042,8.1930708e-05,0.0003820674,0.00012376012,6.422328e-05,8.1190053e-05,5.843535e-05,0.00010044453,0.99896203
20180109-103524-1.jpg,8,8,0.00014995779,1.3594189e-05,1.9742034e-05,0.00015604501,0.00067658271,2.8301618e-06,8.7990534e-06,5.1084293e-05,0.99892136
20180109-103607-2.jpg,8,8,0.0016697187,0.00035621877,0.34050114,0.0055787358,0.047694721,0.00019003502,0.00015670252,0.0015996172,0.60225311
20180109-103614-2.jpg,8,2,0.0095603909,0.0082925223,0.85079634,0.0011674281,0.003048859,0.00014413785,0.0026077627,0.020617719,0.10376484
20180109-103722-2.jpg,8,8,8.5968914e-05,1.424089e-05,2.48136e-05,4.3584208e-05,6.0357716e-06,4.3673267e-06,3.493743e-06,5.9554463e-05,0.99975794
20180109-103723-1.jpg,8,8,5.02357e-05,1.4645517e-05,1.3606704e-05,4.6902641e-06,3.7447408e-05,1.7020785e-06,3.1616054e-06,6.5733607e-06,0.99986794
20180109-103734-1.jpg,8,8,0.0016910147,0.0010602652,0.00020646093,2.6905389e-05,0.0014081916,3.1248278e-06,1.3837357e-05,0.00060167547,0.99498852
20180109-103853-1.jpg,8,8,6.1182135e-05,1.6807244e-06,1.0515308e-05,9.6655695e-05,1.5806342e-05,2.278633e-07,2.1501908e-06,1.1610372e-05,0.99980017
20180109-103928-2.jpg,8,8,7.2221739e-05,9.1374876e-06,0.00055969465,0.00031922605,1.4789646e-05,2.4619109e-06,2.7314122e-05,0.00022177474,0.99877338
20180109-104116-2.jpg,8,8,0.32155298,0.0011201503,0.0089219894,0.035311067,0.0012011068,0.00031844408,0.0010144758,0.03713402,0.59342577
20180109-104151-2.jpg,8,8,0.003565566,4.5632747e-05,0.0032297292,0.0005745023,9.5231493e-05,4.3792804e-06,1.1930548e-05,0.00022457402,0.99224845
20180109-104202-1.jpg,8,8,0.00021682208,0.00010474466,1.1914226e-05,1.7952496e-05,0.00010033179,4.7296134e-06,9.6837514e-06,0.00013047896,0.99940334
20180109-104228-2.jpg,8,8,0.00039219578,4.9985834e-05,0.0012409903,0.00017659247,7.8686185e-05,9.9378507e-06,7.4634033e-05,0.00030599039,0.99767099
20180109-104231-1.jpg,8,8,5.6127675e-06,6.1068695e-06,4.5143863e-07,6.8927697e-06,4.50783e-06,7.7407468e-07,3.266169e-06,6.1461982e-06,0.99996624
20180109-104251-1.jpg,8,8,0.00014138376,0.00023059288,0.00057295451,4.4630936e-05,0.00013836334,9.1201137e-06,0.0014350666,0.00025642483,0.99717146
20180109-104318-1.jpg,8,8,2.7762541e-06,8.0999106e-06,6.0435324e-07,5.1859105e-06,1.1794818e-06,6.4354391e-07,2.0552189e-06,2.7397561e-06,0.99997672
20180109-104342-2.jpg,8,8,0.00095212192,2.6754858e-05,6.780583e-05,0.00035794922,1.2292018e-05,1.7781942e-05,1.016901e-05,0.00047394828,0.99808118
20180109-104345-1.jpg,8,8,2.5048125e-06,7.9335739e-06,5.2696401e-06,1.0486741e-06,4.5448869e-06,2.0223398e-06,5.7150651e-06,2.9186892e-06,0.99996804
20180109-104351-2.jpg,8,8,0.00014884939,7.069634e-05,0.00046160031,0.0012367243,2.2489705e-05,4.5608056e-05,6.4516865e-05,0.0003624991,0.99758702
20180109-104402-1.jpg,8,8,1.6457883e-05,9.5187809e-06,5.6391021e-06,2.0048591e-06,1.524256e-05,7.5091715e-07,9.1323774e-06,4.9828597e-06,0.99993627
20180109-104408-2.jpg,8,8,0.050915777,0.00013588083,9.3560419e-05,0.0016893585,0.0003469607,7.9041967e-06,9.9876255e-05,0.006626561,0.94008412
20180109-104423-1.jpg,8,8,2.9024248e-05,1.7008691e-05,0.00048470331,4.6327678e-05,0.00089855772,3.061695e-06,2.3124854e-05,5.2020963e-05,0.99844617
20180109-104433-1.jpg,8,8,0.0018375969,0.0018358197,0.00016114246,0.00080793092,0.0008381415,1.9446209e-05,0.0010583326,0.01034964,0.98309195
20180109-104513-2.jpg,8,8,9.6738496e-05,1.8225266e-05,0.0090303641,0.00065549168,8.7659618e-05,2.1740328e-06,8.7256245e-05,0.00011608528,0.98990601
20180109-104520-1.jpg,8,8,0.00034342678,4.6523776e-05,0.00026132518,0.00016872529,0.00071986084,4.482432e-06,1.698674e-05,0.00059022412,0.99784844
20180109-104616-2.jpg,8,8,0.0021578876,5.3075387e-05,0.00027240639,0.0013353311,2.7812948e-05,8.7724307e-06,2.3847758e-05,0.0020949341,0.99402593
20180109-104623-2.jpg,8,8,9.9406791e-06,3.8522029e-06,0.00024731059,3.0334162e-05,8.8100638e-06,2.0823278e-05,1.3198338e-05,1.3145883e-05,0.99965258
20180109-104645-2.jpg,8,8,0.00047628935,3.3149788e-05,0.00090329344,0.0020070587,2.8809935e-05,1.9536918e-05,7.0075259e-05,0.00084302304,0.99561876
20180109-104647-1.jpg,8,8,0.0026795084,0.00045244978,0.021254085,0.00026283748,0.0013795645,2.7393843e-05,8.7620972e-05,0.00082239709,0.97303414
20180109-104802-1.jpg,8,8,0.00068871961,0.00017854879,0.00060478137,0.001371922,0.0025964966,2.424677e-05,3.5359429e-05,0.00015141574,0.99434851
20180109-105126-2.jpg,8,8,0.40140137,0.00012771845,0.0088502975,0.0036519223,0.00042054384,4.2081664e-05,9.651789e-05,0.0022564342,0.58315312
20180109-105430-1.jpg,8,8,9.9607473e-06,4.6623071e-06,2.8749622e-05,7.2481843e-05,4.368643e-06,4.7481188e-06,1.0443914e-05,1.0601052e-05,0.99985398
20180109-105441-1.jpg,8,8,1.9432499e-05,4.3498286e-06,2.2112263e-05,0.0014457535,5.8042561e-06,5.7826558e-06,3.918214e-05,0.00013226617,0.99832532
20180109-105500-1.jpg,8,8,0.00014995143,2.6883309e-05,6.5805002e-05,0.0031270709,1.0672892e-05,2.9035282e-05,0.00013921994,0.00071233636,0.99573902
20180109-105705-2.jpg,8,8,0.00015319772,4.9334251e-05,9.0376528e-05,0.0002926968,1.1551407e-05,0.00023602279,2.5380176e-05,6.7894838e-05,0.99907355
20180109-105731-2.jpg,8,8,0.001225186,0.00011724732,0.0023179261,0.0095262609,0.00019694615,0.00096188993,0.00026500668,0.00041915934,0.98497038
20180109-105756-2.jpg,8,8,0.00049417396,0.00015596303,0.00045044463,0.00099195773,1.6752229e-05,0.0025340077,0.00013900131,0.00024280192,0.9949749
20180109-105803-1.jpg,8,8,6.987759e-05,1.1452708e-05,1.3151404e-05,0.00057498267,3.0102658e-06,7.0673481e-07,9.9177144e-06,8.5547061e-05,0.99923135
20180109-105824-1.jpg,8,8,0.00019973791,3.9056213e-05,7.0925289e-05,2.3847948e-05,1.2136817e-05,7.2990375e-07,6.8304668e-06,0.00021085891,0.99943588
20180109-105842-1.jpg,8,8,6.149295e-05,7.8535439e-06,2.8546598e-05,1.5032291e-05,3.482337e-06,6.5230198e-06,4.0305365e-06,5.7306261e-05,0.99981573
20180109-105847-2.jpg,8,8,0.0021545714,9.6347816e-05,0.00031158427,0.0018526656,2.8918461e-05,4.1510548e-05,0.00017084583,0.0066951791,0.98864838
20180109-110013-2.jpg,8,8,0.00054230972,0.00093944047,0.19717355,0.00099432935,0.00044731595,0.00011708769,0.00026683353,0.00056365023,0.79895549
20180109-110111-2.jpg,8,8,0.14438692,0.00039569691,0.048615226,0.0035431877,0.001471986,5.5782986e-05,0.00028586039,0.047853643,0.7533917
20180109-110120-2.jpg,8,8,0.041003502,0.0012772963,0.27290572,0.002456515,0.0019219259,0.00012351273,0.00062984341,0.013541791,0.6661399
20180109-110142-1.jpg,8,8,0.00075282282,1.4386095e-05,5.0284992e-06,0.0009799176,1.5350887e-05,2.1170206e-06,1.0418413e-05,6.7977757e-05,0.99815198
20180109-110155-1.jpg,8,8,0.0002240047,6.7918554e-06,0.0026434452,3.0218917e-05,4.3644328e-05,2.1255905e-06,1.0920586e-05,3.6445228e-05,0.9970024
20180112-070129-2.jpg,8,8,0.0030628581,0.00047229226,0.00011076066,0.0021808828,8.1876783e-05,0.00010416195,1.6538366e-05,0.011563893,0.98240674
20180112-070149-2.jpg,8,8,0.00027421313,3.6096931e-05,6.4830845e-06,0.0044785491,5.0970254e-05,1.0423201e-05,2.2343798e-05,0.0029132145,0.99220771
20180112-070302-2.jpg,8,8,0.00012148227,2.6063229e-05,9.6037934e-06,0.00044523629,5.7178725e-06,6.9265287e-06,3.5252182e-05,0.0002639108,0.99908581
20180112-070412-2.jpg,8,8,6.4013955e-05,2.3574335e-05,3.4967364e-06,0.00013722729,4.9568499e-06,2.5873828e-06,1.4411499e-05,4.945289e-05,0.99970028
20180112-070545-2.jpg,8,8,0.00017612809,0.00013817192,1.250814e-05,0.00013393932,5.5434192e-06,4.5263727e-06,2.4049852e-05,0.00032638382,0.99917875
20180112-070631-2.jpg,8,8,0.00012094201,0.00015070373,1.0196698e-05,0.00012767727,3.7950919e-05,3.5158217e-06,7.7012334e-05,3.3305319e-05,0.9994387
20180112-070658-2.jpg,8,8,0.0020494927,0.019336084,0.0001983352,0.0078248475,0.00016785998,3.8804853e-05,0.0015590094,0.0040382892,0.96478728
20180112-070742-2.jpg,8,8,0.00089775359,4.6534133e-05,5.0921984e-05,5.0969075e-05,0.00071909035,6.8946047e-05,1.5970296e-05,6.6600564e-05,0.99808321
20180112-070805-2.jpg,8,8,0.0012512928,0.00041690044,0.00038796186,0.00012547409,0.00072459988,0.00070834286,0.00030884856,0.0013381758,0.9947384
20180112-070944-2.jpg,8,8,0.0026932033,0.00098038095,0.0037993647,0.00078324913,0.11440043,4.3213047e-05,0.0011627373,0.0014923214,0.8746451
20180112-071008-2.jpg,8,8,0.00088244654,0.00070093418,0.0068642102,0.00066643521,0.22103068,0.0017664064,0.00080239339,0.00024778735,0.76703871
20180112-071307-2.jpg,8,8,1.7588517e-05,7.4769194e-06,4.8011609e-06,0.00035817692,1.8715787e-05,2.0681537e-06,1.8301582e-05,2.0976089e-05,0.99955189
20180112-071336-2.jpg,8,8,4.3470085e-05,4.8317267e-05,1.9033813e-05,0.00097908661,0.00010782639,2.7284459e-06,0.00011638408,2.5334267e-05,0.99865782
20180112-071355-2.jpg,8,8,8.4689688e-05,4.4793505e-05,2.7968755e-05,0.00016037732,2.2970291e-05,2.2488377e-06,2.9182144e-05,2.8835169e-05,0.99959893
20180112-071404-2.jpg,8,8,7.714234e-05,7.2779549e-05,3.8448597e-05,0.0025937152,0.00013383281,2.6666557e-06,0.00019009172,4.3109046e-05,0.99684821
20180112-071420-2.jpg,8,8,3.6390016e-05,4.5312742e-05,4.1777718e-05,0.0013831632,0.00022448368,2.8332897e-06,4.8746495e-05,5.038796e-05,0.9981669
20180112-071421-2.jpg,8,8,0.00010166952,4.1051434e-05,1.3061157e-05,0.00034820527,0.00011580675,1.180737e-06,0.00011985317,4.1505212e-05,0.99921767
20180112-071634-2.jpg,8,8,0.0024252012,0.00092181028,4.3476692e-05,0.00042976393,2.8268074e-05,1.3965574e-05,0.00041247393,0.026723998,0.96900104
20180112-071700-2.jpg,8,8,3.0842721e-05,0.00015257993,3.7434339e-06,8.2051152e-05,1.390366e-05,3.7075516e-06,0.00014788541,3.7226989e-05,0.99952806
20180112-071740-1.jpg,8,8,3.6562972e-05,5.4247559e-05,5.5253817e-06,6.5541993e-05,1.2572251e-05,2.736118e-06,4.5763578e-05,4.7834842e-05,0.99972922
20180112-071827-2.jpg,8,8,0.00089379706,0.00010187251,0.0007895423,0.00036112769,0.0045283519,7.8227094e-06,4.9231106e-05,0.0012636724,0.99200458
20180112-071846-1.jpg,8,8,1.0104849e-05,1.9851599e-05,1.5444668e-06,6.3299785e-05,1.1304692e-05,1.1664753e-06,6.3535603e-05,2.0479305e-05,0.99980871
20180112-071911-2.jpg,8,8,1.6544962e-05,5.0046695e-05,1.5911738e-05,0.00015654272,6.993362e-06,8.0289282e-07,2.1634493e-05,2.7533096e-05,0.99970399
20180112-071913-2.jpg,8,4,0.0095094531,0.00011679984,0.003217786,0.00031454545,0.71245552,0.00026095858,0.00011727876,0.0025158726,0.27149179
20180112-071938-1.jpg,8,8,8.46088e-05,0.00016430921,2.1388604e-05,0.00013118314,0.00012276924,1.9768806e-06,0.00020654803,3.8080315e-05,0.99922914
20180112-071949-1.jpg,8,8,1.535801e-05,2.5923014e-05,1.750542e-06,1.5333112e-05,2.8227552e-06,7.3384643e-07,1.0750161e-05,0.00011795244,0.99980938
20180112-071959-1.jpg,8,8,4.9677851e-06,8.7692724e-06,5.8031288e-07,3.0969597e-05,3.1212218e-06,1.579554e-06,3.8150897e-05,3.6911949e-05,0.99987495
20180112-072021-2.jpg,8,8,0.0078609443,0.0070771228,0.0037021693,0.0036640503,0.0010019322,0.00025290437,0.011380856,0.012055888,0.95300413
20180112-072148-2.jpg,8,8,0.0089061693,0.00043831794,0.00014601989,0.00046347563,0.00042415322,3.5863828e-05,0.00014989897,0.030644006,0.9587921
20180112-072203-1.jpg,8,8,0.0005875044,0.010509495,3.1557201e-05,0.00018461023,5.5521768e-05,8.9118408e-06,0.00062782487,0.071597753,0.91639682
20180112-072238-1.jpg,8,8,2.0568813e-05,0.00011449615,1.7964158e-05,8.7386635e-05,2.2284053e-05,4.8902084e-06,0.0003069276,2.9310131e-05,0.99939617
20180112-072402-1.jpg,8,8,6.7926018e-06,1.5134029e-05,1.0217998e-06,2.026085e-05,3.1569017e-06,7.7325216e-07,3.4446068e-05,4.780911e-05,0.99987061
20180112-072412-2.jpg,8,8,0.00031766429,0.00041711587,3.2703194e-05,0.000135778,2.9850408e-05,1.3899831e-05,0.0002846948,0.027739786,0.97102851
20180112-072500-1.jpg,8,8,1.8663041e-05,3.254896e-05,2.656727e-06,0.00052421676,0.00021604146,1.2284897e-06,4.154781e-05,1.4396111e-05,0.9991487
20180112-072511-1.jpg,8,8,0.0013630008,0.0040799295,7.2598796e-05,0.0027886223,0.00051421302,1.3467666e-05,0.00036810566,0.0018944422,0.98890562
20180112-072541-2.jpg,8,8,0.00037774655,0.0043613312,6.1864951e-05,0.00067317135,5.6138901e-05,6.1420918e-05,0.0006753785,0.0026493828,0.99108356
20180112-072547-1.jpg,8,8,0.0007840592,9.0130813e-05,5.8921544e-06,0.00031562492,1.8381701e-05,1.0669502e-05,0.00010776462,0.0012168718,0.99745061
20180112-072559-2.jpg,8,8,0.00058844223,0.00015610949,1.9286479e-05,0.00013270091,7.063368e-06,3.9590791e-05,2.2402352e-05,0.024623614,0.97441079
20180112-072608-2.jpg,8,8,0.000204197,2.4256707e-05,3.8406668e-06,3.4352288e-05,4.9748988e-06,2.1183473e-06,7.4372297e-06,0.0017734955,0.99794533
20180112-072618-2.jpg,8,8,0.00013923499,1.8749358e-05,2.4013635e-05,0.00015151941,1.0192644e-05,9.3358689e-06,2.9765263e-05,0.00060306816,0.99901412
20180112-072647-2.jpg,8,8,0.02952029,0.0010102582,0.0021645651,0.0055172729,8.6936032e-05,0.00077984773,0.0010077361,0.013597003,0.94631609
20180112-072742-1.jpg,8,8,0.00020352153,0.0015761128,1.8360494e-05,0.0001991113,1.6570367e-05,1.5929055e-05,0.00083893456,0.0033501009,0.99378136
20180112-072806-1.jpg,8,8,2.6017298e-05,4.0012791e-05,1.0315279e-06,1.7964973e-05,2.1380789e-06,5.170311e-07,7.7310322e-05,5.4156249e-05,0.99978085
20180112-072919-1.jpg,8,8,0.00017060412,0.0025085669,2.5797398e-05,0.00047905758,4.9645564e-05,1.7750755e-05,0.00094359351,0.022856587,0.9729484
20180112-073045-1.jpg,8,8,8.4627858e-05,0.00015707345,2.429187e-06,2.8402384e-05,9.9794707e-06,3.0220003e-06,0.0002728514,0.00012392752,0.99931769
20180112-073106-1.jpg,8,8,2.2493593e-06,2.1906768e-06,4.5949712e-07,2.2864998e-05,8.4664421e-07,1.5939492e-06,5.9631214e-06,2.7450011e-05,0.99993638
20180112-073139-1.jpg,8,8,2.7431159e-05,0.00016558036,7.5739859e-05,0.0001615296,4.3735642e-05,3.4062976e-06,0.0003459415,2.9188553e-05,0.99914745
20180112-073147-2.jpg,8,8,0.00036726042,1.3656587e-05,5.2349963e-06,0.0016714466,0.00016457936,2.2476703e-06,9.9213678e-06,4.6243345e-05,0.99771941
20180112-073200-1.jpg,8,8,0.00016083519,0.00050009358,5.7014076e-05,5.4195817e-05,3.5936738e-05,4.6333895e-06,0.0026650786,0.00013496409,0.99638725
20180112-073212-1.jpg,8,8,2.5892179e-05,4.0588506e-05,2.4791198e-06,5.9702889e-05,8.6863647e-06,4.7868523e-06,0.0002867611,0.00018497486,0.99938613
20180112-073214-2.jpg,8,8,0.00053270131,0.00055734834,9.0415825e-05,0.0015548854,0.00015851021,1.3676099e-05,0.00067337411,0.00031612628,0.99610296
20180112-073233-2.jpg,8,8,7.1868997e-05,4.1098595e-05,6.6557663e-06,0.00018421807,1.225932e-05,4.5008803e-07,1.0966128e-05,4.740011e-05,0.99962508
20180112-073258-1.jpg,8,8,3.4196323e-06,3.1502927e-06,4.5043262e-07,5.3802939e-05,1.2210858e-06,1.1227413e-06,4.916388e-05,9.0028107e-05,0.99979764
20180112-073312-1.jpg,8,8,1.9983287e-06,1.3321038e-06,2.0028155e-07,7.4343322e-06,5.3225922e-07,9.4746932e-08,3.2266595e-06,7.286651e-06,0.99997789
20180112-073335-1.jpg,8,8,0.0023096665,0.00051651865,0.00017128331,0.00093307865,0.00013508934,1.2983032e-05,0.002215713,0.042940293,0.95076537
20180112-073426-1.jpg,8,8,0.011454167,0.0033332312,0.00049305738,0.013733362,0.0031604209,4.164574e-05,0.024762662,0.20361249,0.73940897
20180112-073452-2.jpg,8,8,0.00010654157,6.3641103e-05,0.0021335223,0.00011493006,2.2040001e-05,1.2834944e-05,5.8992537e-05,0.00023700093,0.9972505
20180112-073501-1.jpg,8,8,3.0366124e-06,3.6493602e-05,2.3275067e-06,1.6095936e-05,3.545105e-06,7.4811625e-07,0.00031464855,7.2001196e-05,0.9995511
20180112-073511-2.jpg,8,8,0.0002285627,0.00020763654,0.015297225,9.7939767e-05,2.6789533e-05,8.2047608e-06,7.5281821e-05,0.00099045466,0.98306791
20180112-073607-1.jpg,8,8,7.6359059e-05,0.00027569183,1.0497639e-05,8.9206679e-05,1.4411954e-05,3.4649511e-06,0.001183878,6.3021299e-05,0.99828347
20180112-073712-1.jpg,8,8,6.4088797e-05,8.5626179e-05,2.6844465e-05,2.4796174e-05,9.4713169e-06,3.8154404e-06,0.000103992,0.00012255474,0.99955881
20180112-073746-1.jpg,8,8,2.0407247e-05,0.0033974763,1.2436706e-05,2.2274274e-05,1.3059012e-05,4.2592834e-06,0.001945245,0.00047955167,0.99410529
20180112-073804-1.jpg,8,8,1.412454e-05,0.00021584297,7.4846365e-06,0.00018306192,2.6167671e-05,6.2061267e-06,0.00031500462,1.0506893e-05,0.9992216
20180112-074059-1.jpg,8,8,5.401461e-05,4.6517506e-05,2.3751909e-06,2.1842058e-05,4.9303394e-06,5.062082e-06,5.2507428e-05,7.4450644e-05,0.9997383
20180112-074109-1.jpg,8,8,2.88683e-05,0.001872937,3.057202e-05,6.3150737e-05,1.2064961e-05,8.4851138e-06,0.0041896594,0.0011719823,0.99262228
20180112-074135-1.jpg,8,8,0.00010490931,0.0011014086,2.2354403e-05,3.397229e-05,1.2073208e-05,3.5407635e-06,0.00048946731,0.0016579173,0.99657436
20180112-074345-1.jpg,8,8,1.0337162e-05,2.7166344e-05,4.0357154e-06,0.00015718523,5.393716e-06,1.2891377e-06,5.4513625e-05,2.2578018e-05,0.9997175
20180112-074411-1.jpg,8,8,1.5645254e-05,2.2382399e-06,8.9713225e-07,0.00097282324,1.7772285e-05,1.6458503e-06,5.4961189e-06,1.5124782e-05,0.99896836
20180112-074444-2.jpg,8,8,0.012014199,0.0002731992,0.00030212981,0.0011137875,3.8582709e-05,4.6886264e-05,1.9490788e-05,0.0022945485,0.98389718
20180112-074454-2.jpg,8,0,0.97174141,1.2330492e-05,1.2935465e-05,2.0536097e-05,1.5650381e-05,3.8954074e-05,5.3294018e-07,0.020443579,0.0077140752
20180112-074508-1.jpg,8,8,2.1062815e-05,1.8898177e-05,1.198376e-05,1.7494011e-05,1.4380176e-05,4.5418242e-07,2.8350679e-05,3.0479404e-05,0.9998569
20180112-074519-1.jpg,8,8,6.8059893e-05,7.0402264e-05,1.2528296e-05,0.00054076334,1.4808687e-05,2.9630955e-06,0.00037688153,8.2945497e-05,0.99883065
20180112-074533-1.jpg,8,8,0.00013657514,0.0014890568,1.0754565e-05,4.9861416e-05,4.894421e-06,4.3770353e-06,0.00042565471,0.0016781401,0.99620069
20180112-074615-2.jpg,8,8,0.00096267744,0.00010659358,0.00026069083,0.0013458216,2.8707787e-05,4.3767385e-05,6.8304645e-05,0.00067880214,0.99650463
20180112-074759-1.jpg,8,8,0.00058614942,0.00017981544,8.7743008e-06,0.001115491,2.2631453e-05,1.1539476e-05,0.0002860078,0.032855148,0.96493444
20180112-074810-1.jpg,8,8,4.8615292e-06,9.001763e-06,1.0203622e-06,0.00010844983,1.5848074e-06,1.7801212e-06,1.4440598e-05,2.2359841e-05,0.9998365
20180112-074838-2.jpg,8,8,0.179483,0.0004540532,9.8545464e-05,0.00098706528,2.8575401e-05,0.00016559381,1.2736687e-05,0.032107717,0.78666271
20180112-074953-2.jpg,8,8,0.00084221986,0.0015308257,0.00031924248,0.00011508355,0.00041765444,7.3792944e-05,3.630229e-05,0.0079124636,0.98875242
20180112-075002-2.jpg,8,8,0.0005057239,0.0011992571,4.5523436e-05,0.00018222764,8.7282671e-05,2.975581e-05,3.5474403e-05,0.01328764,0.98462712
20180112-075118-2.jpg,8,8,0.036046628,0.0017483323,0.0023934149,0.0083152169,0.0050615989,2.8247406e-05,0.00016807363,0.01204619,0.9341923
20180112-075148-2.jpg,8,8,3.5533223e-05,0.00058449597,2.823821e-05,0.00023107882,3.1137477e-05,9.0984067e-06,4.4666098e-05,0.00065364788,0.9983821
20180112-075315-2.jpg,8,8,0.0014645068,0.0014028529,0.0015329131,0.0034773811,0.00013022451,2.4362446e-05,0.0001700425,0.019355157,0.97244256
20180112-075443-2.jpg,8,8,0.0011971244,0.0030065157,0.0019969766,0.15853029,0.0058278788,3.2447836e-05,0.0012027939,0.00085590656,0.82735007
20180112-075634-2.jpg,8,8,0.0057162923,0.0001201692,0.00044115293,0.19151593,0.0019952763,2.84115e-05,1.8978401e-05,0.0054751709,0.79468862
20180112-080040-2.jpg,8,8,3.544349e-05,5.9360101e-05,4.3166225e-05,9.8197385e-05,5.4060383e-06,2.3739771e-06,6.5975688e-05,0.00051081893,0.99917926
20180112-080109-2.jpg,8,8,0.00065036639,7.1261241e-05,5.5414299e-05,0.00097088025,1.5686723e-05,1.5624531e-05,0.00033922797,0.0030488687,0.99483267
20180112-080326-1.jpg,8,8,0.001915897,0.0018365734,0.00013101399,0.0036534201,0.0011389729,0.00015985776,0.00017626665,0.0091299872,0.98185801
20180112-080408-1.jpg,8,8,0.00062316716,0.027349627,0.00016923458,7.8321325e-05,0.00021259601,1.3021798e-05,0.00023282503,0.00042616038,0.97089505
20180112-080527-1.jpg,8,1,0.00024223689,0.75406938,0.00013136057,4.3817359e-05,7.2585942e-05,2.6496752e-06,0.0043227305,0.18343897,0.057676264
20180112-080550-1.jpg,8,8,0.00016917037,0.12440216,7.6509357e-05,0.00012686523,7.1283182e-05,1.4426512e-05,0.0018964042,0.010713223,0.86252996
20180112-080638-1.jpg,8,8,3.0155499e-05,0.00030107512,8.6087292e-06,1.2126773e-05,6.4111026e-06,3.2446893e-06,9.8652976e-05,8.7272831e-05,0.99945245
20180112-080709-2.jpg,8,8,0.00014144643,3.0915705e-05,0.00012690072,0.0012890008,2.9279943e-05,4.4168471e-06,1.0438104e-05,0.0003527369,0.99801486
20180112-080711-2.jpg,8,8,5.8431381e-05,2.4087216e-06,1.8913996e-05,0.00038769951,8.8232662e-06,4.6439242e-07,1.6008991e-06,5.6692592e-05,0.99946497
20180112-080753-1.jpg,8,8,4.0432518e-05,8.6870599e-05,1.6001595e-05,5.3558164e-05,6.6081239e-05,9.2515143e-07,0.00018235284,5.1712054e-05,0.99950207
20180112-080802-1.jpg,8,8,1.9760096e-05,6.8223451e-05,3.2870211e-06,5.3883318e-06,6.1022463e-06,4.7791497e-06,2.5993782e-05,0.00021451954,0.99965195
20180112-080853-2.jpg,8,8,0.0004750226,2.2870602e-05,0.00015922623,0.0026118958,1.8052482e-05,2.0428078e-06,1.3921841e-05,0.0005917877,0.99610518
20180112-080901-1.jpg,8,8,3.7258681e-05,0.00019186437,2.4596575e-06,1.1050234e-05,3.9552242e-06,3.3592643e-06,1.7949682e-05,0.00014276019,0.99958934
20180112-080913-1.jpg,8,8,5.3103722e-05,3.1365278e-05,3.0722778e-06,5.593102e-05,9.9658375e-06,1.0436449e-06,1.0429126e-06,0.00011186455,0.99973261
20180112-080923-1.jpg,8,8,5.2761291e-06,3.6075239e-06,2.7877448e-07,0.00020618394,2.0648874e-06,7.1666494e-07,1.6005573e-06,2.1136419e-05,0.99975914
20180112-081013-1.jpg,8,8,3.6522848e-06,6.9735896e-06,1.3617211e-06,1.1031433e-05,6.1238311e-07,3.0348138e-07,1.1851549e-05,1.5268304e-05,0.99994895
20180112-081035-1.jpg,8,8,0.00017879183,5.3879995e-05,9.2434578e-05,0.00013282767,6.0265222e-05,2.0981486e-06,1.7081831e-05,3.5596314e-05,0.99942702
20180112-081040-2.jpg,8,8,5.0825469e-05,0.00037265846,0.00012333471,0.00010682362,2.9245046e-05,9.4068177e-07,6.0868436e-05,6.666897e-05,0.99918863
20180112-081052-2.jpg,8,8,5.2149414e-05,0.00069581027,0.00021002823,7.8974805e-05,3.0284654e-05,7.9873483e-07,7.0067343e-05,7.8857738e-05,0.99878303
20180112-081057-1.jpg,8,8,7.0853283e-05,0.0040552201,3.088565e-05,4.6452661e-05,9.3945185e-06,5.1479015e-06,0.00017057892,6.807345e-05,0.99554339
20180112-081104-2.jpg,8,8,4.0645375e-05,0.00021101498,0.0028712425,0.00016284914,7.2991995e-05,3.191968e-06,5.5819413e-05,5.5198964e-05,0.99652705
20180112-081113-2.jpg,8,8,1.7576442e-05,4.0913051e-05,9.0300299e-05,7.1020419e-05,6.0566117e-06,6.3553121e-07,5.6861696e-06,9.1461702e-06,0.99975867
20180112-081125-2.jpg,8,8,3.4185867e-05,1.7294613e-05,0.000398751,0.00039325792,2.2069881e-05,5.329115e-07,6.4050334e-06,1.3008207e-05,0.99911449
20180112-081158-2.jpg,8,8,0.00040901573,6.4710614e-05,0.0044702743,1.3689014e-05,9.0727279e-05,7.0999792e-06,2.9182502e-05,0.00010979276,0.99480551
20180112-081306-1.jpg,8,8,2.7239591e-06,5.0306996e-06,6.9553075e-07,1.1846464e-05,6.1296927e-07,5.4674477e-08,5.3055154e-06,1.7917992e-05,0.99995581
20180112-081330-1.jpg,8,8,1.3986399e-05,4.749847e-05,1.6207565e-05,1.3441686e-05,1.1767927e-05,5.8383327e-07,1.8871949e-05,3.3429945e-06,0.9998743
20180112-081347-2.jpg,8,8,0.0036377164,4.3888367e-05,0.00012037191,0.001132216,1.768191e-05,9.6752447e-06,1.0731306e-05,0.0060705108,0.98895721
20180112-081429-1.jpg,8,8,0.00020370182,3.7635132e-06,1.2767201e-05,1.5964646e-05,2.1696196e-06,5.0592953e-07,1.670336e-06,1.9615255e-05,0.99973984
20180112-081438-2.jpg,8,8,0.0044237162,6.1336557e-05,0.00018870148,0.003370871,2.6484987e-05,6.2378386e-06,6.3285578e-06,0.0079039405,0.98401238
20180112-081439-1.jpg,8,8,6.9398308e-05,1.2819045e-05,4.8707187e-06,4.1677476e-05,1.6285077e-05,5.2461355e-07,3.4585916e-06,6.67086e-05,0.99978426
20180112-081509-1.jpg,8,8,2.5446089e-05,4.5354027e-05,7.6658135e-06,0.00037713627,1.6795284e-05,4.8194729e-06,1.9452747e-05,1.1496048e-05,0.99949183
20180112-081557-2.jpg,8,8,0.0010714741,8.9602724e-05,0.00032591024,0.00015905293,0.00016194488,1.5793916e-05,1.0149429e-05,0.00031522485,0.99785085
20180112-081605-1.jpg,8,8,4.0579331e-06,3.5660438e-07,1.3784888e-07,3.7193907e-05,3.042181e-06,5.0556568e-08,4.7627669e-07,2.7796106e-05,0.99992689
20180112-081607-2.jpg,8,8,0.00015582174,4.9546143e-05,3.2003042e-05,0.00011020521,1.144731e-05,3.7583768e-06,1.1318137e-05,0.0024729911,0.99715291
20180112-081641-1.jpg,8,8,1.709253e-05,1.6063536e-05,2.2208396e-06,0.00090489261,4.1009006e-06,3.4735567e-06,7.0558316e-06,2.8729058e-05,0.99901637
20180112-081813-1.jpg,8,8,0.00026886609,6.1855597e-05,1.1425684e-06,4.6415191e-05,3.2871515e-06,4.9992581e-06,5.9686205e-06,6.6488388e-05,0.99954098
20180112-081826-1.jpg,8,8,1.9756442e-05,3.7969131e-05,2.7239842e-06,0.00010919232,3.5716487e-06,2.9384078e-06,7.4305723e-05,5.6013004e-05,0.99969353
20180112-081919-2.jpg,8,8,1.2592332e-05,4.5820276e-05,0.00011500011,0.00018622197,1.1533371e-05,4.3493611e-07,2.519479e-05,2.4808481e-05,0.99957839
20180112-081931-1.jpg,8,8,9.3486804e-05,6.1141325e-05,0.00021015548,0.00033771333,4.7363694e-05,5.3870561e-05,0.0012984294,0.00025501301,0.99764283
20180112-081952-1.jpg,8,8,0.00010988276,0.00013540803,1.2115794e-05,0.00045777654,8.695381e-06,1.0741039e-05,0.00018369245,0.0001792939,0.99890239
20180112-082015-1.jpg,8,8,2.0052105e-05,3.7956688e-05,4.7929051e-06,2.1925587e-05,4.8868832e-06,1.9711233e-06,0.00021623568,2.6715622e-05,0.99966546
20180112-082059-2.jpg,8,8,0.0004077808,0.00015043451,0.024152509,0.00039300697,0.1419825,0.00012482004,0.00012983592,6.7163596e-05,0.83259195
20180112-082107-1.jpg,8,8,0.00013096991,0.00042361253,3.1023059e-05,0.00038673114,3.6866909e-05,2.6240028e-06,0.0009345996,0.00019278953,0.99786078
20180112-082127-2.jpg,8,8,0.0018802572,0.0062631425,0.015299257,0.0026982758,0.00050622673,7.0835271e-05,0.010163529,0.0016696345,0.96144884
20180112-082327-1.jpg,8,8,4.0133037e-05,7.598354e-05,2.7599457e-06,0.00029539154,4.1069103e-06,5.6970292e-06,6.5644885e-05,0.0001017545,0.99940853
20180112-082405-1.jpg,8,8,0.00017213569,0.00011576645,1.073223e-05,5.718183e-05,4.1070024e-06,1.9885543e-06,0.00011823378,0.00057775887,0.9989421
20180112-082611-1.jpg,8,8,3.3747067e-05,3.99374e-05,5.7167727e-06,3.545724e-05,3.4522011e-06,2.0111121e-06,5.6639344e-05,2.7590132e-05,0.99979545
20180112-082739-1.jpg,8,8,5.9839778e-05,4.726442e-06,1.0029087e-06,8.9195959e-06,1.0021716e-06,1.1826973e-06,6.8626172e-07,3.3438476e-05,0.9998892
20180112-082823-1.jpg,8,8,4.1265447e-06,1.3126851e-05,2.4034168e-06,8.3968237e-05,1.5811245e-06,1.1437124e-06,1.4241369e-05,3.9169829e-05,0.99984024
20180112-082951-1.jpg,8,8,3.4973251e-05,5.2035656e-05,7.0185214e-06,0.00014422249,3.6589329e-06,1.2304304e-06,4.4213752e-05,1.2859993e-05,0.99969979
20180112-083015-1.jpg,8,8,4.2703861e-05,5.363286e-05,5.1256227e-06,0.00010525813,3.977103e-06,3.449133e-06,5.1102994e-05,0.00028330652,0.99945144
20180112-083043-1.jpg,8,8,4.178431e-05,1.6341727e-05,0.00010035015,0.00053781805,1.0088856e-05,2.255959e-05,6.0500359e-05,0.00021733092,0.99899323
20180112-083153-1.jpg,8,8,7.4135146e-05,1.0823332e-05,9.3626963e-06,0.00024355821,7.668013e-06,1.4862541e-06,2.4402954e-05,5.5888017e-05,0.99957268
20180112-083203-1.jpg,8,8,1.5644565e-05,4.1287327e-06,1.4579167e-06,0.0009451317,5.954512e-06,4.9626635e-07,1.1418808e-05,1.111449e-05,0.99900465
20180112-083213-1.jpg,8,8,0.00025332554,9.9878001e-05,6.8873824e-06,3.9374612e-05,7.0214926e-06,2.3956089e-06,5.8856855e-05,0.0045645207,0.99496774
20180112-083317-1.jpg,8,8,9.7526164e-05,2.0853541e-05,0.00013183466,8.4703487e-05,4.3065738e-05,7.0986027e-07,9.5183934e-05,0.00036719033,0.99915893
20180112-083452-1.jpg,8,8,0.00054078262,0.0001552395,8.9829387e-05,0.0024152887,0.00036893719,3.6205385e-06,0.00062239179,0.00020783665,0.99559607
20180112-083613-1.jpg,8,8,0.0015154574,0.00025315182,8.2274311e-05,0.00020760486,4.9294114e-05,2.5638857e-06,0.00056856269,0.0010547575,0.99626633
20180112-083633-1.jpg,8,8,0.0006459736,7.913795e-05,4.1514839e-05,0.00026355831,1.8150852e-05,6.7833931e-06,5.5236775e-05,0.001996374,0.99689327
20180112-083728-1.jpg,8,8,0.0010070371,0.0001182003,2.8340658e-05,0.00030261245,1.580291e-05,3.4986889e-06,0.00018001215,0.0015375215,0.99680697
20180112-091133-2.jpg,8,8,6.3791769e-05,4.8720602e-05,1.7234967e-05,0.0011826706,2.5915021e-05,3.8476027e-06,7.213901e-06,0.00036743995,0.99828317
20180112-091209-2.jpg,8,8,0.0030600938,9.7545502e-06,2.8650265e-05,5.533657e-05,1.4670319e-05,1.3187306e-05,4.5929953e-06,0.0012011965,0.99561252
20180112-091235-2.jpg,8,8,0.019923529,2.5792755e-05,8.5160224e-05,0.00015175647,4.860511e-05,3.672096e-05,5.9243163e-06,0.0010091271,0.97871338
20180112-091449-2.jpg,8,8,0.011079843,2.4639065e-05,0.00046997509,0.00053336833,4.6067505e-05,2.3558679e-05,1.275358e-05,0.0020012508,0.98580854
20180112-091516-2.jpg,8,8,0.0027965592,0.00015189941,2.5902463e-05,0.00013071911,2.8600859e-05,8.7129167e-07,1.6663851e-05,0.00045385455,0.99639493
20180112-091602-1.jpg,8,8,0.0005458251,0.00067854608,1.5762576e-05,1.6909977e-05,0.003430634,1.7437367e-06,8.7193823e-06,0.00011936262,0.9951825
20180112-091651-1.jpg,8,8,2.4723372e-05,0.00012572784,3.2172556e-06,4.0470172e-06,1.3005931e-05,1.5141535e-06,3.820857e-06,4.1511724e-05,0.99978243
20180112-091719-2.jpg,8,8,6.4207448e-05,5.5800691e-06,5.8128281e-05,3.0415718e-05,3.632255e-05,9.2039452e-06,1.2735564e-05,6.4913058e-05,0.99971849
20180112-091744-1.jpg,8,8,2.8536423e-05,0.00013488352,5.4188725e-06,6.5328012e-06,6.1411541e-06,9.7228347e-07,7.709064e-06,3.3938788e-05,0.99977587
20180112-091750-2.jpg,8,8,6.3228305e-06,4.5718544e-06,1.5072516e-05,6.3982331e-06,4.0374697e-06,1.228582e-05,1.0396962e-05,3.4669502e-05,0.99990624
20180112-091927-2.jpg,8,8,0.038539953,0.00076812297,3.3889468e-05,2.7398175e-05,1.2197963e-05,3.8963271e-05,6.4497349e-06,0.014833186,0.94573984
20180112-092142-2.jpg,8,8,0.034937511,5.6030414e-05,0.00023389691,0.00032669982,0.00043531798,0.00061620206,9.7421896e-06,0.0058751032,0.9575095
20180112-092143-1.jpg,8,8,0.0024504542,5.0740552e-05,3.6349015e-05,7.3281256e-06,5.1783218e-05,3.4108683e-06,9.8015811e-06,0.0002839151,0.99710622
20180112-092211-2.jpg,8,8,0.094837856,0.00039109843,0.00085664906,0.0020009964,0.0021362228,0.0008622568,5.799388e-05,0.032776266,0.86608066
20180112-092320-1.jpg,8,8,8.4435767e-05,1.9031868e-05,1.1566418e-05,2.0563176e-05,6.6885133e-06,1.8267573e-06,9.3596517e-05,0.00052899018,0.9992333
20180112-092429-2.jpg,8,8,0.0019302763,5.8128341e-06,1.8946532e-05,1.9345464e-05,1.1998476e-05,5.247024e-05,2.7309381e-06,0.0056401493,0.99231827
20180112-092459-2.jpg,8,8,0.00021929986,3.3576781e-06,3.7684854e-05,1.0540477e-05,2.0046013e-05,8.2975891e-06,1.8995132e-06,5.8275623e-05,0.9996406
20180112-092613-2.jpg,8,8,0.0016035759,1.6547221e-05,0.00015801433,9.5441423e-05,4.8982031e-05,1.7751061e-05,2.5588557e-06,0.00011022898,0.9979469
20180112-092647-1.jpg,8,8,0.022793081,0.0005496319,4.6005648e-05,5.0235504e-05,1.6224038e-05,3.0524961e-05,4.4957009e-06,0.0014116334,0.97509817
20180112-092705-2.jpg,8,8,1.9585138e-05,7.9292034e-06,5.4405082e-05,3.9779606e-05,6.6976949e-06,3.47472e-06,6.4987256e-06,6.4564209e-05,0.99979707
20180112-092803-1.jpg,8,8,0.0020069803,3.4686351e-05,3.4211525e-05,8.0708002e-06,9.2400305e-05,8.1346857e-07,2.0923314e-06,0.0017680213,0.99605272
20180112-092854-1.jpg,8,8,1.9636795e-05,0.00031016523,5.0075232e-06,3.1237712e-05,1.8325272e-05,6.2850326e-06,0.00010992097,4.8854741e-05,0.99945057
20180112-092918-2.jpg,8,8,0.00058272035,5.752563e-06,2.5287066e-06,6.8074341e-06,9.1654631e-07,3.7467606e-06,1.5532831e-06,0.00020486742,0.99919111
20180112-093034-1.jpg,8,8,0.00021527156,0.0033068447,1.1547373e-05,0.00013044672,0.0011568507,1.1240141e-05,1.8615271e-05,0.00039221923,0.99475696
20180112-093043-2.jpg,8,8,0.00024620932,9.0608019e-06,3.3757223e-06,5.6318647e-06,1.9510984e-06,1.9237368e-06,4.7850057e-06,9.5087315e-05,0.99963198
20180112-093133-1.jpg,8,8,3.8902856e-06,4.2423918e-06,2.960943e-07,4.6212969e-06,2.9735349e-06,1.9489943e-07,1.3241503e-06,1.0429754e-05,0.99997203
20180112-093157-1.jpg,8,8,0.00017510909,0.00053347542,7.1146033e-06,0.00013418683,1.4174607e-05,1.5240595e-06,0.00018492865,8.0341619e-05,0.99886915
20180112-093223-1.jpg,8,8,0.0093036333,6.2738178e-06,2.9207338e-05,8.0052588e-06,1.5189132e-05,4.9181105e-06,1.1062193e-06,0.00037336882,0.9902583
20180112-093228-2.jpg,8,8,0.00027043627,2.2766645e-05,3.4445909e-05,6.6271493e-05,8.7606776e-05,2.6060411e-06,7.6610675e-06,2.7233681e-05,0.99948097
20180112-093241-2.jpg,8,8,1.1628095e-05,9.1822542e-06,6.362225e-05,7.2301614e-05,9.392205e-05,1.8437598e-06,2.7276641e-06,7.7840836e-06,0.99973699
20180112-093250-2.jpg,8,8,0.00031706856,7.5827218e-05,2.1520571e-05,0.0011371183,0.00026810927,2.8907431e-06,1.2516799e-05,0.0005987148,0.99756623
20180112-093306-1.jpg,8,8,1.85856e-06,4.7950951e-06,9.6918607e-07,1.4542925e-06,6.9292651e-07,2.4017526e-07,3.6253133e-06,9.0881674e-06,0.99997728
20180112-093313-2.jpg,8,8,0.00036622925,1.1359846e-05,1.2758602e-05,6.2351819e-06,6.2941402e-06,3.9870004e-06,1.0793885e-06,0.00037150761,0.99922055
20180112-093511-1.jpg,8,8,0.033350541,8.7970262e-05,8.6659944e-06,5.6688059e-05,5.3942254e-05,2.7128758e-05,6.5989905e-05,0.0043353803,0.96201369
20180112-093521-1.jpg,8,8,0.00055286498,6.3028085e-05,9.9020614e-06,4.2527418e-05,0.00018800849,1.916488e-06,5.8601552e-05,5.8345314e-05,0.99902481
20180112-093532-1.jpg,8,8,4.3444048e-06,5.5169316e-06,3.7783224e-07,7.2499077e-06,4.9863681e-06,7.5450008e-07,3.7738761e-05,1.5848515e-05,0.99992318
20180112-093539-2.jpg,8,8,9.6346236e-06,4.5773625e-06,1.7327952e-05,1.0716675e-05,3.783597e-06,6.7380773e-05,1.1196848e-05,1.535099e-05,0.99986003
20180112-093646-1.jpg,8,8,1.7666277e-06,1.146673e-06,6.1688729e-07,2.2727625e-06,5.7370266e-07,5.9477209e-06,8.3246498e-06,2.3980261e-05,0.99995537
20180112-093704-2.jpg,8,8,1.2678856e-05,3.277726e-06,1.735866e-05,1.1161185e-05,5.371455e-06,5.5167837e-06,2.0110126e-05,7.4165289e-05,0.99985036
20180112-093710-1.jpg,8,8,0.00094937499,0.00030124339,2.2050621e-05,4.0834406e-05,5.0853794e-05,8.3168449e-05,0.0002092633,0.0007844051,0.99755881
20180112-093754-1.jpg,8,8,4.2297584e-05,0.00021883682,4.0790339e-06,1.2300046e-05,4.0672775e-06,1.2536965e-06,0.001799304,1.4292221e-05,0.99790357
20180112-093823-2.jpg,8,8,1.6318058e-05,1.5560383e-05,1.0929217e-05,4.1338598e-05,7.426536e-05,2.5316069e-06,2.9736826e-05,9.1263116e-06,0.99980019
20180112-093841-2.jpg,8,8,0.00010452599,2.9041221e-05,5.0477942e-05,5.5288301e-05,0.00015436571,3.1981855e-05,0.00075978329,1.0959044e-05,0.99880358
20180112-093856-2.jpg,8,8,0.00058403461,0.00034786636,0.00011370775,0.0002583415,0.00065241019,1.7996554e-05,0.010480597,5.8521784e-05,0.98748652
20180112-094012-1.jpg,8,8,7.3685034e-06,3.1423141e-06,6.365681e-06,8.8576513e-06,3.7651928e-06,1.5643375e-05,1.642784e-05,3.7347168e-05,0.99990108
20180112-094022-1.jpg,8,8,3.9814699e-05,2.8173615e-06,2.133039e-06,2.5085569e-06,1.7179281e-06,8.6797998e-06,2.2842828e-05,4.8152111e-05,0.99987133
20180112-094122-2.jpg,8,8,8.4057457e-06,4.8917873e-06,5.2559829e-06,4.9188428e-06,2.1669096e-06,2.0070791e-06,6.8278443e-06,7.3562608e-06,0.99995817
20180112-094123-2.jpg,8,8,0.00012153695,1.2440127e-05,1.9317746e-05,4.8106669e-06,8.1265352e-05,3.9400777e-06,3.0549304e-06,2.6742959e-05,0.99972689
20180112-094240-2.jpg,8,8,9.4454369e-05,4.0592397e-05,8.6216405e-05,0.00025169909,0.00056951914,3.6567805e-06,5.7839018e-05,4.1086597e-05,0.99885494
20180112-094259-2.jpg,8,8,0.011927908,0.00066229484,0.00048826678,0.0027733571,0.0017907026,1.0551134e-05,0.001301453,0.0024379525,0.97860751
20180112-094316-1.jpg,8,8,5.2464218e-06,5.6353832e-07,1.557778e-06,2.8998054e-06,6.0493642e-07,5.0105289e-07,2.7511832e-06,4.2670545e-05,0.9999432
20180112-094430-1.jpg,8,8,0.00018814803,9.203586e-06,2.0306986e-06,7.6249052e-06,5.0186381e-06,4.7296569e-07,1.1029588e-05,0.00010272144,0.99967375
20180112-094441-2.jpg,8,8,0.00010589823,0.00022175603,5.5714591e-05,0.00012793622,0.00014922466,1.0277626e-05,0.00012714343,0.00046005521,0.99874199
20180112-094522-2.jpg,8,8,4.2220286e-05,0.00030016257,2.8776862e-05,0.00014177562,0.00060680702,8.2827146e-06,0.00031310157,7.9538175e-06,0.99855092
20180112-094541-1.jpg,8,8,0.00043730414,0.00017491875,3.5144553e-05,6.1860045e-06,3.4697495e-05,0.00017379056,0.0012800651,0.00085828796,0.99699961
20180112-094652-2.jpg,8,8,3.2546801e-05,1.8199035e-05,8.1003459e-05,0.00068885525,0.0039212848,3.3734723e-06,1.359488e-05,9.6580976e-06,0.99523148
20180112-094802-1.jpg,8,8,0.00014564302,0.00043320932,1.357486e-05,1.3934873e-05,1.2293789e-05,5.5333383e-05,0.00012104163,0.00016950372,0.99903547
20180112-094830-2.jpg,8,8,0.00058200106,0.00016366642,0.00013053429,9.4551285e-05,0.00048244176,9.7123886e-06,0.00091755462,9.960504e-05,0.99751993
20180112-094910-2.jpg,8,8,4.4866903e-06,5.0918716e-06,2.7224126e-06,3.480855e-06,2.7627321e-06,4.7774395e-06,9.0092187e-06,1.2566004e-05,0.9999551
20180112-095026-2.jpg,8,8,0.0064502568,0.00010214453,0.00029945102,4.2715694e-05,9.0495252e-05,0.00022852679,1.7122163e-05,0.00067064881,0.99209864
20180112-095053-2.jpg,8,8,7.34397e-05,4.2320623e-05,2.0376064e-05,1.8590972e-05,7.4864548e-06,8.2344313e-05,3.6804719e-05,9.1762887e-05,0.99962687
20180112-100544-1.jpg,8,8,1.2058015e-06,9.8031411e-07,2.275858e-07,1.2067336e-06,6.3182506e-07,1.0359272e-06,9.6658583e-07,1.2198929e-06,0.99999253
20180112-100555-2.jpg,8,8,0.00012417638,9.4896719e-05,1.6091461e-05,7.4000778e-06,1.0315323e-05,0.00017766916,2.609824e-06,2.9629818e-05,0.99953721
20180112-100603-2.jpg,8,8,0.00082537001,7.6784611e-05,1.1381088e-05,2.5673392e-05,2.732233e-05,0.0002116902,4.2293143e-05,0.00082367506,0.99795581
20180112-100624-1.jpg,8,8,2.1869074e-05,3.3708853e-06,3.0104165e-06,3.2016857e-06,1.4049358e-06,8.4103369e-06,5.2181865e-06,4.3328887e-06,0.99994918
20180112-100649-2.jpg,8,8,0.00011128801,0.00048655658,7.2065617e-05,4.0849468e-06,1.3659501e-05,7.7285946e-05,6.9958421e-05,3.2253029e-05,0.99913285
20180112-100745-2.jpg,8,8,4.2109958e-05,0.00013511513,0.00016070785,9.5802362e-06,1.7588394e-05,0.0003050212,1.103026e-05,6.0301871e-05,0.99925855
20180112-100850-2.jpg,8,8,0.00070812443,0.00036736967,0.00078008786,0.0007534632,0.00034656273,0.48042318,0.018616514,0.00079396909,0.49721073
20180112-100938-1.jpg,8,8,0.00040404074,0.00063403909,0.0001849955,8.8866267e-05,0.0010064942,0.00050611579,0.4250009,0.00027059273,0.57190395
20180112-100939-2.jpg,8,8,0.00033842709,0.00012069313,3.0959206e-05,4.3817336e-06,1.0814007e-05,1.5272907e-05,7.2765237e-07,4.6014602e-05,0.99943271
20180112-100952-2.jpg,8,8,3.6518154e-05,1.1088343e-05,7.1548544e-05,1.6323226e-05,9.527362e-06,1.7372061e-05,3.1938012e-06,1.1289195e-05,0.99982314
20180112-101035-2.jpg,8,8,0.000621915,0.0094621491,0.00096622448,0.00068820761,0.0016116063,0.00041327095,0.0063386532,0.0033901283,0.97650785
20180112-101223-2.jpg,8,8,0.011382693,0.012576874,0.0039809448,0.00011356222,0.00033773197,3.1732859e-05,0.0014949493,0.0088624105,0.9612191
20180112-101305-2.jpg,8,8,0.0072939218,0.00030803123,0.00022837526,0.00045754714,5.4959601e-05,0.00019723833,0.0018867412,0.0020822055,0.98749098
20180112-101316-2.jpg,8,8,6.1850741e-05,1.3601542e-05,2.4406842e-05,3.9831487e-05,1.1709104e-05,6.2551951e-06,8.4636804e-05,0.00022740102,0.99953031
20180112-101322-1.jpg,8,8,3.3405646e-05,8.9506252e-05,0.00010129355,2.2237948e-06,1.4848192e-05,3.6755604e-06,1.9040254e-05,1.5909009e-05,0.9997201
20180112-101334-1.jpg,8,8,9.7105415e-05,6.0784498e-05,0.00020040336,3.474652e-05,0.00024810888,4.3503872e-06,1.5481502e-05,9.9152813e-05,0.99923987
20180112-101411-1.jpg,8,8,9.4129164e-06,9.5683201e-06,1.5945044e-06,1.6952934e-07,7.248129e-07,3.6055223e-06,1.4369202e-06,1.2402237e-05,0.99996109
20180112-101437-1.jpg,8,8,0.00055817772,0.0049257942,0.00024295118,5.2231216e-05,0.00047209996,8.6853257e-05,0.016357461,0.00070027707,0.97660415
20180112-101525-2.jpg,8,8,0.00011334962,3.7637551e-05,4.880723e-06,2.9586536e-05,3.8281989e-06,9.7144458e-05,2.7953013e-05,0.0011110294,0.99857459
20180112-101551-1.jpg,8,8,1.9211219e-06,8.5352807e-07,1.8553004e-06,1.2203126e-06,1.1377903e-06,7.8219037e-07,3.5325954e-06,3.9191633e-06,0.99998478
20180112-101632-1.jpg,8,8,4.5370617e-05,7.8753861e-06,2.1689149e-05,2.1289855e-05,7.2943873e-06,4.2823266e-05,4.1722728e-05,4.8412633e-05,0.99976352
20180112-101636-2.jpg,8,8,4.3083598e-06,2.1018651e-06,1.9995324e-06,4.0469782e-06,7.7315036e-07,3.1639234e-06,1.4455502e-06,1.0532036e-05,0.99997163
20180112-101736-1.jpg,8,8,2.5937473e-05,3.3972089e-05,9.0429544e-06,4.6488851e-05,5.7957838e-06,0.0016817498,0.00069021916,0.00016942268,0.99733737
20180112-101743-2.jpg,8,8,9.5391119e-05,1.5488918e-05,1.2173474e-06,4.6070095e-06,7.4046623e-07,1.2839714e-05,1.4112867e-06,0.00013475467,0.99973355
20180112-101842-1.jpg,8,8,5.2931109e-06,2.3941872e-05,3.4270912e-06,1.6955764e-06,8.1098474e-07,4.8369144e-06,2.6285525e-05,3.1450669e-06,0.99993056
20180112-102236-1.jpg,8,8,1.2706239e-05,9.5468416e-07,2.7529925e-05,2.3203129e-06,4.8587748e-06,1.6934455e-05,3.794511e-06,7.8731917e-06,0.99992303
20180112-102258-2.jpg,8,8,0.00023258422,2.3509117e-05,2.1513345e-05,2.3780139e-05,9.6495805e-06,5.4069122e-06,6.433859e-05,0.00010020126,0.99951902
20180112-102259-2.jpg,8,8,0.00011325042,3.4858469e-05,2.8007617e-05,1.8107763e-05,1.0702691e-05,2.6997494e-06,6.8848459e-05,3.9303568e-05,0.99968422
20180112-102338-1.jpg,8,8,1.8409035e-06,2.2103613e-05,1.7817329e-06,6.6807403e-07,8.4011324e-06,2.6603215e-06,2.961571e-05,5.8980231e-06,0.99992703
20180112-102419-2.jpg,8,8,0.00041774688,5.4732102e-05,6.0173213e-05,8.981891e-05,3.8533935e-05,7.4305238e-06,0.0002722968,0.00048218317,0.99857708
20180112-102500-2.jpg,8,8,0.034471104,0.00049795752,0.00012581171,1.8681525e-05,4.9366919e-05,1.4450137e-05,0.00020299811,0.0043113604,0.96030827
20180112-102519-1.jpg,8,8,7.2623558e-05,7.5099463e-05,2.037937e-05,4.158784e-06,2.1111318e-05,1.8608467e-06,8.8606298e-05,7.8936019e-05,0.99963722
20180112-102540-1.jpg,8,8,0.00066879994,0.00045757632,2.223291e-05,4.4701339e-05,0.00022770429,1.1996295e-05,4.9756418e-05,0.00029295135,0.99822428
20180112-102723-2.jpg,8,8,0.00023153864,0.0010500688,0.00028086835,3.1716554e-05,1.97098e-05,1.6115407e-05,4.9818998e-05,0.00086147336,0.99745869
20180112-102828-2.jpg,8,8,0.00010385232,6.662941e-05,4.4889783e-05,0.00014065304,1.7863625e-05,1.3919939e-05,0.00010613603,0.00013648209,0.99936957
20180112-102908-2.jpg,8,8,0.00011769958,1.2342623e-05,2.730428e-05,8.6995751e-06,7.3043947e-06,1.7427647e-06,2.9326087e-05,5.8190607e-05,0.99973739
20180112-102916-1.jpg,8,8,7.0705214e-05,1.2931203e-06,2.4457551e-05,8.5517246e-06,5.0334918e-06,1.9511025e-06,1.1866175e-06,1.4862707e-05,0.99987196
20180112-102917-2.jpg,8,8,0.0072325188,0.0003259757,0.0021625848,0.0013247952,5.6838606e-05,6.3668635e-05,0.00074171811,0.0016876633,0.98640424
20180112-103044-1.jpg,8,8,1.3424449e-06,1.1161787e-05,2.9498129e-05,5.7913507e-06,1.0193851e-06,8.2571337e-07,4.181817e-06,1.2019187e-05,0.99993416
20180112-103053-1.jpg,8,8,0.0015971396,0.00011856027,3.8577924e-05,0.00013044376,9.4204044e-05,5.1252907e-06,0.0013419138,0.00015153052,0.9965225
20180112-103123-1.jpg,8,8,1.7609299e-05,2.4670032e-06,1.6594748e-06,7.624969e-07,1.1302999e-06,6.6965448e-07,6.8688233e-07,1.5740593e-06,0.99997344
20180112-103132-1.jpg,8,8,1.6317194e-05,1.9582658e-05,9.2332203e-05,4.3169059e-06,4.3324567e-06,3.8125547e-06,1.9553938e-05,2.7207366e-05,0.99981254
20180112-103136-2.jpg,8,8,0.00031128604,0.00012257781,0.00027414572,0.00020341315,2.988929e-05,6.2389354e-05,0.00027104903,0.00020674954,0.9985185
20180112-103220-1.jpg,8,8,0.011815681,0.00017334477,2.772124e-05,0.00016217608,2.8325013e-05,2.520157e-06,0.000852594,0.00074483172,0.98619281
20180112-103228-2.jpg,8,8,0.00052178066,0.00014863807,0.0067231619,0.0013106285,0.00019756334,0.0008699174,0.00056345782,0.00053770546,0.98912715
20180112-103239-2.jpg,8,8,0.00011649671,5.9284482e-05,8.2946993e-05,3.1055479e-05,1.1989439e-05,3.2297492e-06,5.2375558e-05,8.2733774e-05,0.99955989
20180112-103345-2.jpg,8,8,0.001170668,0.00013353147,0.00133067,0.0012130789,0.00012784318,0.0005365574,0.00030927932,0.0005320226,0.99464635
20180112-103541-2.jpg,8,8,0.0028117781,0.0033526917,0.00021491954,0.00025416958,1.9344773e-05,3.7869936e-05,0.0020451913,0.0033242296,0.98793981
20180112-103542-2.jpg,8,8,0.00015593351,0.00037286135,0.0021125184,4.4994073e-05,4.2689878e-05,1.1677811e-05,0.0003378706,5.365008e-05,0.9968678
20180112-103640-1.jpg,8,8,1.3793553e-05,9.0966635e-06,3.1345038e-05,2.1364845e-06,3.7790399e-05,2.6649049e-06,1.6100323e-06,4.5820707e-06,0.99989698
20180112-103709-1.jpg,8,8,1.4166347e-06,4.8996468e-07,9.0452655e-07,6.1823767e-07,1.5239901e-06,2.0046055e-07,5.49692e-07,9.3046218e-07,0.99999337
20180112-103925-2.jpg,8,8,0.0017968637,8.2304632e-05,0.00068337011,0.00013315815,0.00010024005,0.00011424832,6.5116613e-05,0.00048433895,0.99654036
20180112-104257-2.jpg,8,8,0.0002212532,1.6276614e-05,0.0021190558,5.2631988e-05,0.00036063069,6.9792184e-05,1.985728e-05,4.2642199e-05,0.99709786
20180119-104336-1.jpg,8,8,0.00060924536,0.0026507297,2.0890342e-05,0.00044580798,1.7365474e-05,0.00067881858,0.0007444227,0.00039990567,0.99443281
20180119-104440-1.jpg,8,8,0.00089192613,0.054339426,5.6217571e-05,3.6396395e-05,0.00022014782,1.0036825e-05,0.044967884,0.00019015212,0.89928781
20180119-104711-2.jpg,8,8,0.00036171706,0.00044461737,7.9365106e-05,1.392788e-05,4.0301332e-05,7.1939607e-06,0.00061649362,0.00052675976,0.99790962
20180119-104724-1.jpg,8,8,0.00047293883,0.0061353257,2.8177123e-05,5.82656e-05,1.4380573e-05,1.0681074e-05,0.00034253625,0.0025726053,0.99036509
20180119-104748-2.jpg,8,8,0.00048177528,0.0025791719,4.4773902e-05,5.7790527e-05,1.3760747e-05,9.2708895e-05,0.007172536,0.0035483777,0.98600911
20180119-104803-2.jpg,8,8,0.0062731124,0.015965331,0.17201947,0.00025794479,0.015805935,0.00013359716,0.0015225211,0.00082992942,0.78719216
20180119-104839-1.jpg,8,8,0.00030935935,0.036655582,8.849425e-06,2.9663799e-05,2.5396402e-05,4.2818671e-05,0.0012266688,6.2429744e-05,0.96163923
20180119-104845-2.jpg,8,8,0.00013707932,0.001113656,4.1691039e-05,4.0615579e-05,2.203009e-05,3.717678e-05,0.00085766034,6.2650157e-05,0.99768744
20180119-104920-2.jpg,8,8,0.00025547109,0.0057563986,3.7869758e-05,2.6348696e-05,4.5867159e-05,4.1430076e-05,0.00058222128,8.0362758e-05,0.99317403
20180119-105020-1.jpg,8,8,3.2525079e-05,0.0055240549,5.4416751e-06,2.4778246e-05,1.3425507e-05,4.0713134e-05,0.00050469219,2.4978771e-05,0.99382939
20180119-105157-2.jpg,8,8,9.0539309e-05,0.001314216,4.7744079e-05,1.9060522e-05,1.0862797e-05,1.8419885e-05,0.00029399374,1.8330491e-05,0.99818683
20180119-105220-1.jpg,8,6,0.00022554103,0.0047243261,6.1794584e-06,7.7511989e-05,5.9357406e-05,8.2899338e-05,0.58811132,0.00012872642,0.40658414
20180119-105259-1.jpg,8,8,2.2148477e-06,5.4572443e-05,5.9653105e-07,5.6861765e-06,1.2744614e-06,8.7435527e-06,0.00033271418,8.778473e-06,0.99958542
20180119-105309-1.jpg,8,8,1.8658201e-05,5.2654595e-05,2.0863412e-06,3.4592424e-05,7.456143e-06,6.0108766e-05,0.0016467661,1.7051069e-05,0.99816063
20180119-105336-1.jpg,8,8,4.057095e-05,0.00011534961,2.1117709e-06,4.3053409e-05,8.4894664e-06,7.7559084e-05,7.7593116e-05,7.7232271e-05,0.99955804
20180119-105357-1.jpg,8,8,1.9058713e-05,0.0051185701,6.6782596e-06,2.4032044e-05,1.1239039e-05,0.00030196388,0.0026255004,6.2425845e-05,0.99183053
20180119-105410-2.jpg,8,8,8.6516306e-05,0.00016667187,5.3620987e-05,7.2746506e-06,8.8562087e-06,2.870026e-06,0.0011988892,8.2863478e-05,0.99839244
20180119-105416-1.jpg,8,8,1.707416e-05,0.001747653,6.5452225e-06,7.0640623e-06,2.9742614e-05,6.6357939e-06,0.0006552286,6.4970903e-06,0.99752356
20180119-105426-1.jpg,8,8,3.3528173e-06,0.00034895871,7.8024618e-07,4.6644134e-06,1.827466e-06,8.9694346e-06,0.0003199493,1.0321401e-05,0.99930118
20180119-105746-1.jpg,8,8,9.6721519e-05,0.024619602,1.5891944e-05,9.3397551e-06,3.2404827e-05,7.9712182e-05,0.0010584743,5.4620787e-05,0.97403323
20180119-105825-2.jpg,8,8,0.0014590168,0.0098482251,3.0939573e-05,2.7887558e-05,0.00081869057,1.0096251e-05,3.2796342e-05,8.5042984e-05,0.9876873
20180119-105834-1.jpg,8,8,1.4930567e-05,0.0012727931,6.9783442e-06,2.1083469e-05,9.6114572e-06,2.2660753e-05,0.0016378142,3.8041649e-05,0.99697609
20180119-105929-2.jpg,8,8,0.0006136609,0.0055886526,0.040405781,6.4122193e-05,0.0013323793,2.7244927e-05,0.001620138,0.00026085947,0.95008716
20180119-105952-2.jpg,8,8,0.00042822372,0.027955806,0.00014364514,1.4581555e-05,2.3461291e-05,2.3118317e-05,0.00012774781,0.0057865516,0.96549686
20180119-110000-2.jpg,8,8,0.0015281494,0.033409631,0.00011940325,7.6237826e-05,0.0075845829,4.783023e-05,7.6544223e-05,2.6360345e-05,0.95713126
20180119-110042-1.jpg,8,8,0.001295302,0.017278338,2.1214741e-05,4.8410492e-05,6.2101494e-05,0.00012676859,0.050346225,0.0026143517,0.92820729
20180119-110058-2.jpg,8,8,1.9681419e-05,2.9686363e-05,2.5130117e-06,2.1981992e-06,6.9423476e-07,3.2111401e-06,2.8335588e-05,1.6645606e-05,0.99989703
20180119-110105-1.jpg,8,8,7.6847674e-05,0.0038989576,1.2689196e-05,3.643438e-05,5.6078617e-05,4.583586e-05,0.0063488061,7.0667518e-05,0.98945368
20180119-110108-2.jpg,8,8,0.00013398946,0.00099107446,1.1059652e-05,4.4691983e-05,8.6883824e-06,5.5072683e-05,0.00031270902,5.6319729e-05,0.99838639
20180119-110115-1.jpg,8,8,5.0374e-05,0.0020466345,4.8799005e-06,5.9808553e-06,1.838344e-05,1.3983513e-05,0.0005000686,1.3533447e-05,0.99734616
20180119-110124-1.jpg,8,8,2.8054266e-05,0.00014579024,2.2699128e-06,2.4805921e-05,1.5097688e-05,3.9385666e-06,5.7062534e-05,7.4958026e-05,0.99964802
20180119-110143-1.jpg,8,8,9.7721808e-05,0.01229047,2.9676108e-05,4.305225e-05,2.9942394e-05,0.00035985999,0.0084990952,0.00010911373,0.97854107
20180119-110152-1.jpg,8,8,0.00021011813,0.010860048,1.1409435e-05,8.6979465e-05,0.0028109567,1.5612676e-05,5.5242001e-05,2.9522829e-05,0.98592011
20180119-110227-1.jpg,8,8,9.7985207e-06,0.0015156679,9.9508509e-06,9.2994547e-06,7.1518433e-06,1.0354313e-05,0.0015515158,3.2908073e-05,0.99685335
20180119-110236-1.jpg,8,8,0.0002291795,0.01334783,6.4125235e-05,0.00017380513,9.1300907e-05,0.00036468749,0.0080214387,0.00045606374,0.97725157
20180119-110337-1.jpg,8,8,1.915999e-05,0.014089026,2.4461129e-05,4.4722486e-06,1.7022155e-05,1.9283326e-06,0.00061786243,0.00018295445,0.98504311
20180119-110347-1.jpg,8,8,1.9563172e-05,0.00011193777,9.270669e-06,4.7546136e-06,3.3328447e-06,2.6283244e-06,0.00017291669,1.5545658e-05,0.99966005
20180119-110348-2.jpg,8,8,0.0051474205,0.032471849,6.0191571e-05,0.00019408233,0.0018371841,7.7707615e-05,0.00023948617,6.5253236e-05,0.95990683
20180119-110445-1.jpg,8,8,3.7803376e-06,0.00080330167,5.7316828e-07,2.4137558e-06,1.4797593e-06,1.7277138e-06,4.1486309e-05,1.2188846e-05,0.99913305
20180119-110455-2.jpg,8,8,0.00023492437,0.0054019771,1.1326355e-05,3.3162816e-06,0.00024667503,1.2505086e-05,3.220341e-05,6.9931443e-06,0.99405008
20180119-110456-2.jpg,8,8,4.4228725e-05,0.00053644547,4.6863108e-06,9.8368033e-06,9.5066507e-06,0.00010606732,0.00019358119,7.6424074e-05,0.99901922
20180119-110526-2.jpg,8,8,0.0001069728,0.00049961767,0.00056347602,4.0265535e-05,7.6395621e-05,3.4343074e-05,4.6956561e-05,8.1941546e-05,0.99855003
20180119-110540-1.jpg,8,8,4.7046819e-05,0.032271601,5.7082134e-05,1.1765937e-05,6.871816e-05,6.6440644e-05,0.48045468,5.0295745e-05,0.48697237
20180119-110559-2.jpg,8,8,0.00051284924,0.0084314468,3.2315612e-05,8.6658936e-05,1.1178526e-05,0.00012975361,0.0016077144,0.00012090168,0.98906718
20180119-110612-1.jpg,8,8,6.8001405e-05,0.00043245433,5.3650481e-06,2.9736058e-05,1.7002808e-05,2.1599628e-06,0.00010124195,0.00016945421,0.99917458
20180119-110622-1.jpg,8,8,1.6419901e-05,0.0026882073,4.8843872e-06,1.4721252e-05,1.1264056e-05,7.4059418e-06,0.00041434273,1.8016587e-05,0.99682474
20180119-110709-1.jpg,8,8,3.5175992e-05,0.00056173121,3.1049564e-06,4.242026e-05,9.2814969e-06,3.9221451e-05,0.00052696777,8.9229923e-05,0.99869287
20180119-110729-1.jpg,8,8,7.9830422e-05,0.014021216,1.6324341e-05,3.1885769e-05,5.4511377e-05,7.4489035e-05,0.0021533171,3.3305877e-05,0.98353512
20180119-110900-2.jpg,8,8,0.00020924011,0.026645842,4.3133741e-05,8.417396e-05,3.791737e-05,0.00010907262,0.011666141,2.810965e-05,0.96117637
20180119-110901-2.jpg,8,8,3.6810275e-05,0.0071251804,9.3846973e-06,3.6461683e-06,9.8736e-06,1.4659445e-05,0.00026414875,2.4800323e-05,0.9925115
20180119-111006-2.jpg,8,8,5.804395e-05,0.0013959049,2.4196519e-06,6.8974003e-06,4.4882081e-05,2.8333376e-06,1.0389675e-05,1.3529301e-05,0.9984651
20180119-111113-1.jpg,8,8,0.0002565053,0.018504153,8.5302812e-05,2.0937792e-05,2.7285954e-05,0.00017110459,0.1222146,0.0028010655,0.85591905
20180119-111123-2.jpg,8,8,0.00019952802,0.0013048193,1.113475e-05,5.8942556e-05,5.1980049e-06,3.359288e-05,0.0006718455,0.00010990928,0.99760503
20180119-111132-1.jpg,8,8,2.3456099e-05,0.0050576302,9.7633508e-06,3.7726936e-06,1.3297041e-05,4.4078011e-06,0.00052811187,2.1056703e-05,0.9943385
20180119-111225-2.jpg,8,8,1.6452758e-05,0.00035428434,1.4314028e-05,1.7494652e-05,0.00022978409,1.6760048e-06,2.4837813e-05,7.6863133e-06,0.99933347
20180119-111227-1.jpg,8,8,5.1406714e-06,0.00011856299,2.2121859e-06,2.9630527e-06,5.0501993e-06,1.3799612e-06,3.5902349e-05,9.7437277e-06,0.99981904
20180119-111243-2.jpg,8,8,0.00038850674,0.0027831762,0.00018853444,2.185896e-05,4.9799205e-05,8.0455106e-05,0.00085226711,0.00011364577,0.99552176
20180119-111316-2.jpg,8,8,0.00066419072,0.34222155,7.6234609e-05,0.00026337222,0.00041857273,1.2281397e-05,0.00044234299,0.00018820744,0.65571324
20180119-111351-2.jpg,8,8,4.2664933e-05,0.0013615305,2.4518372e-05,3.1110479e-05,9.2290641e-06,9.5383473e-05,0.0014564752,1.4699517e-05,0.99696439
20180119-112837-2.jpg,8,8,0.0022369799,0.018552846,2.1637603e-05,3.2087241e-05,0.00026135444,2.8920864e-05,0.00022171441,0.0003266267,0.97831783
20180119-113010-1.jpg,8,8,7.5188516e-05,0.00088425716,6.6742751e-06,2.2800608e-05,1.1751486e-05,0.0021405913,0.0014988717,0.00021492368,0.99514494
20180119-113100-1.jpg,8,8,3.6088619e-05,0.0083209141,2.851003e-05,8.6418871e-06,2.1751927e-05,1.3210006e-05,0.0069025239,3.7937762e-05,0.98463042
20180119-113105-2.jpg,8,8,0.01111343,0.023841903,2.6228834e-05,0.00014547945,0.00035450065,8.9912377e-05,2.3353483e-05,0.00094242643,0.96346277
20180119-113106-2.jpg,8,8,0.024980485,0.032665208,0.00067094679,0.00035736509,0.00039759258,0.00013683789,0.00051760478,0.0072312625,0.9330427
20180119-113141-1.jpg,8,8,0.00022313057,0.0049610309,1.0596917e-05,0.00015139738,4.0894282e-05,0.00074781936,0.0047211621,0.00023709301,0.98890688
20180119-113158-1.jpg,8,8,4.2731533e-05,0.00087103833,2.0473211e-06,1.8762504e-05,8.5507738e-06,3.0468719e-05,1.8856553e-05,5.7805933e-05,0.99894974
20180119-113201-2.jpg,8,8,0.00040091573,0.0019750495,2.9130135e-05,0.00015932964,0.00010121183,1.7225702e-06,5.7093272e-05,2.0575715e-05,0.99725497
20180119-113224-2.jpg,8,8,0.00012154281,0.00020665102,1.1974911e-05,1.7857585e-05,9.6571341e-05,6.0621633e-06,0.00014659544,2.6628666e-05,0.99936612
20180119-113249-1.jpg,8,8,3.2892633e-05,0.0013981641,2.0491834e-05,0.00010755631,1.3575641e-05,0.0003124914,0.0016177845,7.6470808e-05,0.99642057
20180119-113326-2.jpg,8,8,0.00032447648,0.0041839547,7.4479156e-05,9.6483456e-05,4.4343486e-05,3.2490185e-05,0.00055256291,0.00029185135,0.99439936
20180119-113346-1.jpg,8,8,6.7325712e-05,0.0022612527,2.0924583e-06,9.5774836e-05,9.0643378e-06,1.1314577e-05,0.0010999621,0.00017381389,0.9962794
20180119-113418-2.jpg,8,8,0.00013310571,0.0010720004,4.5099196e-05,2.6782818e-05,0.0022045555,1.3714816e-05,3.1690353e-05,4.4830424e-05,0.99642822
20180119-113517-2.jpg,8,8,0.00050663857,0.0050061724,7.7085773e-05,0.00010801574,2.4952018e-05,0.00016190727,0.0051116036,9.7981347e-05,0.98890564
20180119-113625-1.jpg,8,8,2.610982e-05,0.0026127102,8.0580809e-06,1.7994315e-06,4.8084981e-05,2.4212081e-06,1.5057726e-05,1.97175e-06,0.99728379
20180119-113715-2.jpg,8,8,0.0003897954,0.0049134779,3.3024301e-05,0.00032626673,5.3002956e-05,0.0010089588,0.0010597816,0.00079182339,0.99142387
20180119-113724-2.jpg,8,8,0.00059456943,0.029654572,5.3073329e-05,0.0002977604,3.4258597e-05,0.00050528797,0.014349659,0.00034529012,0.95416553
20180119-113736-2.jpg,8,8,0.00053870967,0.010817814,3.532547e-05,0.00047322254,2.4766553e-05,0.00065351101,0.0045593168,0.00040651256,0.98249082
20180119-113742-1.jpg,8,8,1.6187045e-05,0.0019514009,6.7202937e-06,4.7315763e-06,7.1739725e-05,2.9257413e-06,0.00023830088,2.5178604e-06,0.99770548
20180119-113746-2.jpg,8,8,0.00027174815,0.012232493,1.9408429e-05,0.00058302358,5.7334179e-05,3.9066618e-05,0.00051301641,0.00013565597,0.98614825
20180119-113819-2.jpg,8,8,0.000764307,0.028004671,3.8852221e-05,0.00068777709,2.0048496e-05,0.0013773913,0.0019678065,0.0001755423,0.9669636
20180119-113829-1.jpg,8,8,0.00020869431,0.01361232,6.2464144e-05,6.1959562e-05,4.9478079e-05,8.125437e-05,0.01013763,0.00014321931,0.97564298
20180119-113900-2.jpg,8,8,0.00032681589,0.4621106,0.00034275204,3.7550587e-05,0.00012902662,0.00011135067,0.011794716,0.00048104463,0.52466615
20180119-113908-2.jpg,8,8,0.00076077624,0.0033544177,2.3095874e-05,0.00029229931,8.2869029e-06,0.0027162531,0.0067221298,0.00023997371,0.98588277
20180119-113909-1.jpg,8,8,4.3130511e-05,0.011616957,1.6700719e-05,6.1183085e-06,4.8381598e-06,6.6514646e-06,0.00049980564,8.2400261e-05,0.9877234
20180119-113936-1.jpg,8,8,0.0031780693,0.00084225612,7.7831365e-05,2.3209892e-05,0.00040516606,2.753202e-05,0.00017469423,0.00015656786,0.99511467
20180119-113953-2.jpg,8,8,2.4028415e-05,0.0027642397,5.6605115e-06,3.2552784e-05,1.7308978e-05,1.1824462e-05,0.00011460006,1.2093756e-05,0.99701769
20180119-114117-1.jpg,8,8,6.1830661e-06,3.0332775e-05,1.80223e-06,2.1935281e-06,2.6602015e-06,4.6345385e-07,9.3876892e-06,6.6465126e-06,0.99994033
20180119-114127-1.jpg,8,8,0.00064401549,0.043159861,9.8421876e-05,0.0017403383,0.00013013171,2.0092484e-05,0.011207809,0.013885181,0.92911415
20180119-114151-2.jpg,8,1,0.00044367448,0.76621427,1.7900924e-05,0.00012297621,0.00012989322,4.9151513e-05,0.0026897341,4.4094262e-05,0.2302883
20180119-114307-2.jpg,8,8,0.0025374538,0.0011392162,1.2533677e-05,0.00021413602,0.00056249628,1.7749227e-05,7.7129851e-05,0.00011194706,0.99532734
20180119-114412-1.jpg,8,8,0.00018406747,0.00016732925,2.8745121e-06,9.2827119e-06,7.1501959e-06,3.2831255e-05,0.0011169555,0.00031438148,0.99816513
20180119-114426-2.jpg,8,8,0.00012392215,0.0054573428,6.8931537e-05,0.00015683203,2.960522e-05,0.0003836617,0.002656009,7.606729e-05,0.99104763
20180119-114524-1.jpg,8,8,1.4267747e-05,0.00012346748,1.9990706e-06,7.5600966e-06,1.6214948e-06,2.5948593e-06,0.0010586598,3.7136755e-05,0.99875269
20180119-114600-1.jpg,8,8,1.6898911e-05,0.00079710092,4.9206162e-06,2.506513e-05,0.00022212041,1.6382114e-06,5.8694736e-05,4.8367745e-06,0.99886872
20180119-114710-2.jpg,8,8,0.005282148,0.012605678,8.4033821e-05,0.00047170924,1.1641475e-05,0.0011535942,0.00035938824,0.0027455941,0.97728621
20180119-114810-1.jpg,8,8,0.00018683044,0.002066494,1.8585831e-05,3.9052566e-06,3.601091e-06,6.0986738e-06,7.0071555e-05,0.0010922638,0.99655215
20180119-114849-1.jpg,8,8,1.2549401e-05,3.1501702e-05,4.7231557e-06,3.0132589e-05,0.00018242604,1.1445966e-06,2.608005e-05,8.2368192e-06,0.99970321
20180119-114919-2.jpg,8,8,9.9338834e-05,0.00021214411,5.6178439e-06,1.1658441e-05,3.2946672e-06,0.000481676,0.00033946194,5.3635566e-05,0.99879317
20180119-115013-2.jpg,8,8,0.00038764946,0.0015062303,5.3980597e-05,3.5400116e-05,0.00019585033,9.6796047e-06,6.163552e-05,0.00030614737,0.99744343
20180119-115103-1.jpg,8,8,0.00046172263,5.7633443e-05,0.00051649823,2.6028997e-05,0.00014525093,1.7127682e-05,0.0031863095,0.00011595054,0.99547348
20180119-115120-1.jpg,8,8,5.0435307e-06,2.9503059e-05,4.623036e-06,1.436577e-06,3.2000289e-06,4.3135079e-06,4.6026324e-05,1.8185898e-05,0.99988767
20180119-115131-1.jpg,8,8,1.4084347e-05,0.00086895511,6.15816e-06,1.1517829e-05,8.1389082e-05,6.5422897e-07,3.9682897e-05,4.4989249e-06,0.99897306
20180119-115218-1.jpg,8,8,1.0814925e-05,0.00037138941,7.0892326e-05,7.777085e-06,1.7561694e-05,1.5648932e-06,0.0013728134,7.996951e-06,0.99813919
20180119-115236-1.jpg,8,8,2.5554035e-05,5.9170592e-05,1.3696831e-05,1.0810572e-05,3.9907272e-06,1.2776728e-05,0.00027277438,0.00040573849,0.99919549
20180119-115301-2.jpg,8,8,0.00056984051,0.02145548,0.0001583176,0.0021030846,0.0024813602,0.00048254209,0.0029157556,0.00012792636,0.96970569
20180119-115313-2.jpg,8,8,0.0034120558,0.010860891,6.3291873e-05,0.00023431421,2.1636954e-05,0.0071458024,0.0052551778,0.00038038954,0.97262644
20180119-115329-1.jpg,8,8,1.9022336e-05,1.7667752e-05,2.1795467e-05,7.881496e-06,4.2837896e-06,5.5772609e-06,0.00025970805,6.3146927e-05,0.99960092
20180119-115339-2.jpg,8,1,0.071446999,0.80543411,7.5777655e-05,0.00014801073,0.00014054258,0.0003064386,0.00017752617,0.0031854456,0.11908515
20180119-115409-2.jpg,8,8,0.0025160464,0.0045075279,4.3468857e-05,7.3208912e-05,1.5489102e-05,0.0060150321,0.0013850676,0.00026182445,0.98518233
20180119-115439-1.jpg,8,8,2.8978177e-05,0.00047815757,6.2302755e-06,5.0393118e-05,2.5991301e-06,3.1559049e-06,0.00085754191,9.6059368e-05,0.99847688
20180119-115524-1.jpg,8,8,8.9624762e-05,0.0047851858,0.00027608144,2.2738741e-05,5.3022719e-05,7.0820734e-05,0.0017971483,1.7602602e-05,0.99288777
20180119-115546-1.jpg,8,8,0.0045701687,0.016131808,0.0050014448,0.0017583744,0.0011944929,0.0011946789,0.021909577,0.044771542,0.90346791
20180119-115551-2.jpg,8,8,0.0059486386,0.0078869871,0.00068961146,0.0052090212,0.00049265794,0.016902863,0.056422429,0.0039752491,0.90247254
20180119-115659-2.jpg,8,8,0.00091073776,0.022394428,3.1022689e-05,8.513392e-05,4.1373093e-05,0.00060698959,0.00085381394,0.000254927,0.97482157
20180125-091003-1.jpg,8,8,8.9033762e-07,1.2494248e-06,4.4556222e-07,3.1217203e-06,3.918374e-06,7.5258645e-07,2.1492234e-06,2.1709052e-06,0.9999853
20180125-091041-1.jpg,8,8,0.00016362309,5.2253846e-05,0.00021561547,9.8770983e-05,0.00017585571,0.00011870425,0.00033674737,0.0003109019,0.99852753
20180125-091225-1.jpg,8,8,1.1753646e-06,2.713159e-06,8.6980681e-07,4.3607284e-06,4.689536e-06,1.9225294e-06,8.7677117e-06,9.8565435e-06,0.99996564
20180125-091231-2.jpg,8,8,1.4987827e-06,1.3333529e-05,9.9126496e-07,6.1982458e-07,1.7500638e-06,2.6797874e-06,6.5442024e-06,2.0397137e-06,0.99997054
20180125-091303-2.jpg,8,8,5.3437142e-07,1.0547641e-06,5.0801531e-07,3.9763164e-06,1.5192716e-06,6.7493824e-07,3.4926755e-06,2.8043334e-06,0.99998544
20180125-091331-1.jpg,8,8,9.5600565e-07,5.9643709e-06,9.7057124e-07,2.4400199e-06,2.6065833e-06,1.790198e-06,9.9195274e-06,6.1191377e-06,0.99996923
20180125-091340-2.jpg,8,8,0.00015703051,1.0056414e-05,7.9837262e-06,2.9582705e-05,2.1916573e-05,3.9202678e-05,0.00024191785,0.0002368694,0.99925544
20180125-091342-1.jpg,8,8,9.4206508e-07,4.0451096e-06,2.8568028e-07,3.427267e-06,1.6375911e-06,6.9927827e-07,2.1025527e-06,4.2885753e-06,0.99998257
20180125-091410-2.jpg,8,8,4.8364847e-07,5.7018467e-06,4.2956896e-07,1.3034993e-06,1.3864527e-06,6.1642952e-07,1.4774707e-06,1.6603928e-06,0.99998694
20180125-091531-2.jpg,8,8,6.7427054e-05,3.029443e-05,1.8190531e-05,8.9705863e-05,2.7001897e-05,6.1785121e-05,0.00014473252,0.00052450072,0.99903636
20180125-091547-1.jpg,8,8,6.2311173e-07,2.7617764e-06,1.5406148e-06,5.0782819e-06,2.5939633e-06,2.6354971e-06,6.5993595e-06,3.5516714e-06,0.99997462
20180125-091559-1.jpg,8,8,4.6287642e-07,2.6825894e-06,1.6098023e-06,2.5292509e-06,5.8372722e-06,2.2019232e-06,1.0238431e-05,9.8350403e-07,0.99997345
20180125-091610-1.jpg,8,8,4.3344463e-06,9.1709509e-06,5.3445979e-06,3.2503519e-06,1.074186e-05,1.9812659e-05,4.1973821e-05,9.2401584e-06,0.99989613
20180125-091620-1.jpg,8,8,1.1400439e-06,3.5128786e-06,1.8405825e-06,1.019022e-05,5.2267364e-06,2.8178205e-06,7.4607692e-06,4.3938861e-06,0.99996342
20180125-091627-2.jpg,8,8,9.0264137e-05,5.5828823e-06,1.8753191e-05,9.6600498e-05,0.00035926405,1.3327058e-05,4.6199668e-05,6.51994e-05,0.99930481
20180125-091849-1.jpg,8,8,5.304666e-07,3.3514534e-06,7.06653e-07,1.4466629e-06,1.4633455e-06,1.8743768e-06,5.5441399e-06,2.4195764e-06,0.99998266
20180125-091855-2.jpg,8,8,9.8638237e-06,2.0079608e-06,2.9299643e-06,4.6147664e-05,8.2831508e-05,4.0835771e-06,3.8439942e-05,3.0463762e-05,0.99978323
20180125-091934-2.jpg,8,8,4.141546e-05,3.8971767e-05,0.00071537793,4.0974218e-05,0.00012439441,0.00019119306,0.00058853497,0.00011501357,0.99814412
20180125-091946-1.jpg,8,8,7.0534997e-07,4.6456317e-06,1.6508529e-06,1.9255387e-06,6.078462e-06,2.9128255e-06,5.9599574e-06,1.8491285e-06,0.99997427
20180125-092100-2.jpg,8,8,2.3423538e-05,0.00080633282,8.3695329e-06,1.2035275e-05,4.3109307e-05,1.5096523e-05,1.1463502e-05,1.2903856e-05,0.99906727
20180125-092140-1.jpg,8,8,5.7241365e-07,3.7699564e-06,2.9198036e-07,2.4613624e-06,5.8342523e-07,9.4705539e-07,2.6125993e-06,3.9408302e-06,0.99998482
20180125-092215-1.jpg,8,8,6.8511982e-07,3.2552199e-06,4.2996069e-07,1.3459312e-06,7.5170955e-07,1.0101018e-06,2.3587263e-06,4.3857349e-06,0.99998578
20180125-092219-2.jpg,8,8,5.0640762e-06,3.7010947e-05,1.2774471e-06,5.3350429e-07,4.3895185e-06,6.7462411e-06,4.3062979e-06,8.0883934e-06,0.99993258
20180125-092228-1.jpg,8,8,7.9611958e-07,2.7485529e-06,7.7177311e-07,1.0725154e-05,4.0926437e-06,7.8758925e-07,3.2768567e-06,4.7332697e-06,0.99997207
20180125-092249-2.jpg,8,8,1.6885089e-05,5.3058865e-05,4.2999351e-07,9.5140656e-06,2.0446635e-06,2.3830204e-06,1.2298444e-06,1.7339633e-05,0.99989711
20180125-092250-2.jpg,8,8,1.263268e-05,0.00011613048,5.2967205e-06,9.1107175e-07,1.3668413e-05,9.1717506e-06,5.3105704e-06,9.9403176e-06,0.99982694
20180125-092322-2.jpg,8,8,1.3336875e-06,5.6294374e-06,1.2032942e-06,2.6973885e-07,4.8609657e-06,2.8288771e-06,1.7071802e-06,1.2428869e-06,0.99998092
20180125-092333-2.jpg,8,8,3.3114111e-06,1.1474859e-05,2.7443662e-06,8.0962434e-07,8.4988737e-06,1.058137e-05,6.7282585e-06,2.8007561e-06,0.99995305
20180125-092541-2.jpg,8,8,5.5204397e-06,8.1451861e-05,8.5551383e-07,1.4680935e-06,7.6829963e-06,4.745961e-06,2.3138748e-06,7.7710854e-06,0.99988819
20180125-092542-2.jpg,8,8,4.3929809e-06,4.4609358e-05,7.5193773e-07,2.8829723e-06,3.8857014e-06,2.6838456e-06,1.7234241e-06,5.0345292e-06,0.99993404
20180125-092544-1.jpg,8,8,7.0570708e-07,2.6509528e-06,2.4349912e-07,3.6196229e-06,2.4851926e-06,5.0071651e-07,1.0832571e-06,2.7644085e-06,0.99998595
20180125-092625-1.jpg,8,8,0.00017685997,7.7605721e-06,5.9338572e-06,0.0042176344,1.9926213e-05,5.0617004e-05,9.2459489e-05,5.274536e-05,0.99537606
20180125-092733-1.jpg,8,8,1.0169863e-06,3.3708237e-06,6.1996674e-07,1.9498717e-06,1.2598626e-06,2.3595716e-06,5.8145601e-06,9.2872065e-06,0.99997432
20180125-092739-2.jpg,8,8,2.1863508e-06,2.1611731e-05,7.5297845e-07,1.9679461e-06,3.0864872e-06,3.8222055e-06,4.9667441e-06,6.3219317e-06,0.99995528
20180125-092832-1.jpg,8,8,7.3762096e-07,3.8505022e-06,5.3596297e-07,1.2902752e-06,1.5285698e-06,1.7463688e-06,6.3726546e-06,4.8122179e-06,0.99997913
20180125-092911-2.jpg,8,8,1.1574678e-06,9.4908269e-06,6.3378654e-07,6.9731815e-07,1.8572943e-06,2.6241009e-06,2.8985935e-06,2.6820425e-06,0.99997796
20180125-092942-2.jpg,8,8,8.5001039e-07,8.9193982e-06,4.6254453e-07,9.4099822e-07,2.5546852e-06,1.5412951e-06,1.9495008e-06,1.3165388e-06,0.99998147
20180125-092952-2.jpg,8,8,1.1886219e-06,1.0046276e-05,1.2071206e-06,5.6147459e-07,1.2461813e-06,9.2601423e-06,2.537691e-05,4.5984602e-06,0.99994651
20180125-093013-1.jpg,8,8,0.00010294279,4.2586418e-05,8.6607313e-05,7.5561694e-05,0.00012612399,0.00017083734,0.0013606044,0.00022895818,0.99780578
20180125-093014-2.jpg,8,8,1.4302525e-06,2.7038517e-05,1.0904155e-06,5.3202367e-07,3.6491339e-06,1.6085984e-06,4.6334559e-06,2.7533703e-06,0.99995726
20180125-093025-1.jpg,8,8,0.00023571668,0.00013841297,0.00029108096,0.00012509848,0.00014643652,0.00014676552,0.0010190724,0.00025746317,0.99763995
20180125-093047-2.jpg,8,8,1.142028e-06,2.1575961e-05,1.2278863e-06,6.444951e-07,3.0536952e-06,1.0234157e-06,5.4040164e-06,2.376079e-06,0.99996355
20180125-093056-2.jpg,8,8,6.7528668e-07,5.3095787e-06,3.2919846e-07,3.1510839e-07,1.2234117e-06,6.1562943e-07,1.3233938e-06,1.0103738e-06,0.9999892
20180125-093120-2.jpg,8,8,1.5652039e-06,1.2759228e-05,8.3413993e-07,4.9971706e-06,3.2828183e-06,1.1097762e-05,8.0365033e-06,4.986193e-06,0.99995244
20180125-093202-1.jpg,8,8,6.1078195e-07,1.0698289e-06,6.3928841e-07,3.9490474e-06,2.5201137e-06,1.0828075e-06,3.1257201e-06,2.0398156e-06,0.99998496
20180125-093220-2.jpg,8,8,3.4633927e-06,3.393494e-06,5.0929164e-07,9.7576608e-06,4.5042503e-06,6.1249517e-07,2.4191669e-06,1.6501695e-05,0.99995884
20180125-093221-2.jpg,8,8,1.2531185e-06,5.0193457e-06,1.6374301e-07,4.4948017e-06,9.4834904e-07,5.1296069e-07,1.8048508e-06,5.423625e-06,0.99998038
20180125-093224-1.jpg,8,8,1.867428e-06,5.7645421e-06,1.2262386e-06,3.7163395e-06,1.159099e-05,2.2596893e-06,4.9567251e-06,1.2724564e-06,0.99996735
20180125-093235-1.jpg,8,8,3.6483096e-07,2.2213384e-06,9.1203697e-07,5.9469103e-07,4.9973431e-06,5.6697158e-07,1.7597074e-06,6.6491032e-07,0.99998792
20180125-093327-1.jpg,8,8,1.7467321e-05,2.9167733e-05,2.7523707e-06,0.00012976768,0.00030791998,5.0634926e-06,0.00010314659,0.00011857828,0.99928614
20180125-093430-2.jpg,8,8,6.4022677e-07,7.0007283e-06,1.8748705e-06,5.6145628e-07,2.4159878e-06,1.591114e-06,3.7796372e-06,1.4666202e-06,0.99998067
20180125-093556-1.jpg,8,8,0.00062166951,0.00023243256,7.2134251e-05,0.061820929,0.045967737,8.3506077e-05,0.0020504555,0.0026961084,0.88645503
20180125-093636-2.jpg,8,8,1.0041682e-06,6.5568942e-06,4.3419911e-07,1.708315e-06,2.0657054e-06,1.0679736e-06,2.8229043e-06,2.4594229e-06,0.99998188
20180125-093655-1.jpg,8,8,0.00040538422,0.00019545292,4.7304209e-05,0.2982121,0.010528772,0.00038802296,0.0021585455,0.0011544479,0.68690997
20180125-093734-2.jpg,8,8,7.2841779e-05,1.6819621e-05,3.3639939e-06,0.00012921217,1.2663385e-05,7.0552597e-06,3.3631472e-05,0.0005184253,0.99920599
20180125-093757-2.jpg,8,8,7.8072973e-06,2.2500744e-06,1.74135e-06,5.1005586e-06,8.1511592e-06,1.9535101e-06,1.6765238e-05,1.0510489e-05,0.99994572
20180125-093824-1.jpg,8,8,6.6167021e-07,1.0938502e-06,1.588191e-06,1.5091605e-06,5.7491059e-06,1.1967647e-06,4.258206e-06,1.2244388e-06,0.99998272
20180125-093847-1.jpg,8,8,1.1540342e-06,9.076351e-06,2.3234116e-06,1.8291385e-06,1.7952247e-06,4.0272616e-06,1.2789439e-05,4.5045052e-06,0.9999625
20180125-093958-2.jpg,8,8,1.0581054e-06,6.9849289e-06,7.1772651e-07,2.4461131e-06,3.1289277e-06,4.1010369e-07,7.7604443e-07,1.6734987e-06,0.9999828
20180125-094007-1.jpg,8,8,5.3377543e-07,2.5693084e-06,3.9974444e-07,4.4390621e-06,1.6391436e-06,5.4901814e-07,1.719036e-06,3.3352027e-06,0.99998482
20180125-094055-1.jpg,8,8,5.0831101e-05,2.9656306e-05,7.8868993e-06,5.2844149e-06,2.8487014e-05,7.4112805e-06,2.0294847e-05,0.00021098114,0.99963917
20180125-094142-2.jpg,8,8,1.8280918e-05,2.6167414e-05,6.8476654e-05,7.8386511e-06,2.7960023e-05,4.7345823e-05,0.00028700709,2.9209133e-05,0.99948771
20180125-094143-1.jpg,8,8,1.0857823e-06,2.0694548e-06,8.3015002e-07,5.0786675e-06,3.4375029e-06,1.5611611e-06,3.0984348e-06,3.3491247e-06,0.99997949
20180125-094229-2.jpg,8,8,0.00015727902,8.6863083e-06,5.1577118e-05,1.7802427e-05,5.5701694e-05,3.865849e-05,0.00013518302,7.1126599e-05,0.99946399
20180125-094255-2.jpg,8,8,0.00019521901,3.2483298e-05,0.00012491243,2.1530606e-05,0.00010184138,4.7399836e-05,0.00015284724,0.00011882194,0.99920494
20180125-094314-2.jpg,8,8,6.018058e-05,9.9034461e-05,0.00016417302,1.4860674e-05,8.3421508e-05,8.623751e-05,0.0004071215,0.00013677139,0.9989482
20180125-094353-2.jpg,8,8,9.9253293e-07,8.9558393e-06,1.0341409e-06,9.0501203e-06,5.9666938e-06,6.2062985e-07,1.1801014e-06,2.2132358e-06,0.99996999
20180125-094439-2.jpg,8,8,4.8406576e-06,2.9299841e-05,6.2372437e-07,1.9559205e-05,3.355451e-06,7.2732306e-07,8.7060464e-07,3.8264498e-06,0.9999369
20180125-094911-2.jpg,8,8,1.4399624e-05,2.1421908e-06,1.090839e-06,4.4669893e-05,6.8465822e-06,5.4182892e-06,1.0553261e-05,1.2779093e-05,0.9999021
20180125-095013-1.jpg,8,8,1.0025501e-05,1.9231588e-06,9.4449145e-07,4.2793776e-06,3.8951192e-06,1.0875077e-05,1.9252827e-05,4.6602899e-05,0.9999022
20180125-095022-1.jpg,8,8,4.1883569e-06,2.0105996e-06,1.4173999e-06,2.2175532e-06,2.7841452e-06,7.4818945e-07,1.2458353e-05,1.7289515e-05,0.99995689
20180125-095031-1.jpg,8,8,1.3118818e-06,5.0460861e-07,5.4388762e-06,9.163328e-06,1.2752444e-05,9.0991722e-07,1.5113695e-05,2.5909865e-06,0.99995221
20180125-095045-1.jpg,8,8,0.012755004,0.0010086746,0.0025107789,0.0016936081,0.001570241,0.14654599,0.016034783,0.002738607,0.81514232
20180125-095143-1.jpg,8,8,1.8560461e-06,3.962103e-07,5.3915105e-07,8.1551992e-06,2.1185753e-06,1.3625479e-06,5.6040576e-06,5.3283991e-06,0.99997464
20180125-095154-1.jpg,8,8,4.4454549e-06,1.0225163e-06,3.185604e-07,1.3241728e-05,1.0225814e-05,7.7781702e-07,2.1761899e-06,6.5816585e-06,0.99996121
20180125-095158-2.jpg,8,8,0.00045146126,6.1676017e-06,4.8081728e-06,0.00034918406,2.4195136e-05,7.0754115e-05,2.4850198e-05,0.00016606285,0.99890252
20180125-095204-1.jpg,8,8,1.6522249e-06,6.0477343e-07,1.6553094e-07,2.1652178e-05,2.9141095e-06,5.5369143e-07,1.5634379e-06,7.251489e-06,0.99996364
20180125-095236-1.jpg,8,8,7.7127747e-05,2.8187872e-05,6.965672e-06,0.0002009841,1.4901322e-05,0.00010283074,4.0397541e-05,0.00010158448,0.99942702
20180125-095252-2.jpg,8,8,0.00020496579,3.6288284e-05,9.6549086e-06,0.0003594283,2.4572305e-05,6.4147121e-05,1.427766e-05,4.3496062e-05,0.99924317
20180125-095303-2.jpg,8,8,0.00016536464,2.1464474e-05,1.0431943e-05,9.777157e-05,3.1559626e-05,0.0001542836,7.6449158e-05,6.4928508e-05,0.99937775
20180125-095326-2.jpg,8,8,0.00011963763,9.0097343e-06,3.4648202e-06,3.1062907e-05,1.5437269e-05,4.5183172e-05,9.6666335e-05,3.2878699e-05,0.99964666
20180125-095434-1.jpg,8,8,1.6222165e-05,5.1450616e-06,2.090069e-06,7.5998241e-05,2.5214688e-05,7.7899275e-06,9.0339106e-06,7.320197e-05,0.9997853
20180125-095456-2.jpg,8,8,0.0014777188,3.6735205e-05,1.9875395e-05,0.00091552443,3.759843e-05,0.0013866815,0.0001001363,0.00050715655,0.99551857
20180125-095537-1.jpg,8,8,5.6359527e-06,1.2258929e-06,4.0305724e-07,1.0775302e-05,7.0895198e-06,1.4531744e-06,3.8318655e-06,1.4288898e-05,0.9999553
20180125-095549-2.jpg,8,8,3.3363931e-05,5.0785717e-06,2.4542915e-06,6.093729e-05,4.1625205e-06,0.00039515844,3.879376e-05,2.9967354e-05,0.99943008
20180125-095558-1.jpg,8,8,0.0037141607,0.00062310158,6.7586595e-05,0.00090270159,0.00020814425,0.074787562,0.12102771,0.18277962,0.61588942
20180125-095634-1.jpg,8,8,1.1494377e-06,8.3463151e-07,3.8137991e-07,1.7832219e-06,8.1201361e-07,2.3483551e-06,3.8635503e-06,1.0619134e-05,0.99997821
20180125-095658-2.jpg,8,8,0.0025293795,0.00013451931,0.00034310115,0.00076953669,0.00011209007,0.00020826181,7.5631365e-05,0.00012521499,0.99570227
20180125-095749-1.jpg,8,8,8.0316427e-07,2.4917193e-07,3.7888598e-07,6.5146146e-06,3.3217697e-06,1.5171166e-06,1.4718073e-06,2.6522419e-06,0.99998309
20180125-095751-2.jpg,8,8,7.038716e-06,1.7207358e-06,1.3277688e-06,1.4043326e-05,4.4566012e-06,2.0467127e-05,3.1347309e-05,3.076812e-05,0.99988883
20180125-095801-2.jpg,8,8,2.9883483e-05,2.1499092e-06,4.525524e-06,6.6874883e-05,3.7472955e-06,1.9466135e-05,2.8549249e-05,2.4420992e-05,0.99982038
20180125-095811-1.jpg,8,8,2.4817188e-05,3.132374e-06,9.2073009e-07,0.00011756384,1.8974835e-06,1.603567e-05,5.890138e-05,5.3697974e-05,0.99972303
20180125-095842-2.jpg,8,8,3.7650091e-05,4.3619995e-06,3.0540354e-06,6.247888e-05,1.1428385e-05,4.189347e-05,4.8324584e-05,8.1316548e-05,0.99970949
20180125-095904-2.jpg,8,8,4.7946895e-05,4.1112124e-06,3.4731157e-06,0.00011257482,1.5352256e-05,1.6214444e-05,2.8966517e-05,3.1273584e-05,0.99974009
20180125-095907-2.jpg,8,8,0.0001133995,7.5979503e-06,5.3874529e-06,0.00010220452,1.8198658e-05,3.110954e-05,2.7077379e-05,0.00011890446,0.99957612
20180125-100003-1.jpg,8,8,3.9044751e-05,0.00045902689,4.2563087e-05,2.1739118e-05,3.3413741e-05,0.00020093753,0.0093615852,2.6658367e-05,0.98981503
20180125-100028-1.jpg,8,8,1.5265103e-06,8.0958351e-07,4.8679922e-07,1.5408965e-06,5.6206188e-07,4.9177029e-07,9.995435e-06,2.5751727e-06,0.99998201
20180125-100037-2.jpg,8,8,0.0069661674,0.0002092306,3.3232455e-05,0.0024688427,7.252083e-05,0.00021998702,8.5498188e-05,0.00049618912,0.98944833
20180125-100103-1.jpg,8,8,7.6048433e-07,5.8873418e-07,1.0003096e-06,1.7001428e-06,1.575924e-06,8.8309055e-07,2.417907e-06,3.8664362e-06,0.99998721
20180125-100141-1.jpg,8,8,3.7713744e-05,2.3839331e-06,2.0314696e-06,2.0042698e-05,9.8835219e-06,2.1185807e-06,3.4211038e-05,1.2853593e-05,0.99987876
20180125-100152-1.jpg,8,8,2.8754444e-06,1.1536153e-06,3.6291532e-07,9.3291338e-07,1.2145277e-06,6.4971209e-07,9.4941866e-06,3.323274e-06,0.99997999
20180125-100204-1.jpg,8,8,5.8659188e-06,2.63431e-06,5.5455592e-07,1.6880297e-06,1.8600128e-06,3.6620471e-06,2.6714678e-05,9.2282668e-06,0.99994779
20180125-100223-2.jpg,8,8,0.005124476,0.00028958888,0.00011633107,0.0050371987,0.0001180604,0.0031189745,0.0001015006,0.0061277304,0.97996614
20180125-100248-1.jpg,8,8,2.09672e-06,6.4861591e-06,4.3978035e-07,2.657779e-06,1.5333463e-06,1.0497236e-06,3.4609189e-06,4.1097264e-06,0.99997817
20180125-100328-2.jpg,8,8,3.1352794e-05,1.9933481e-06,1.8728648e-06,9.7844299e-05,7.6775132e-06,6.8904253e-06,3.4550754e-06,2.9239284e-05,0.99981967
20180125-100400-1.jpg,8,8,1.2543727e-06,5.975744e-07,5.5490631e-07,5.2404243e-06,1.5688413e-06,1.8766676e-06,1.0956379e-05,2.1894905e-06,0.99997576
20180125-100405-2.jpg,8,8,0.00011207989,7.3560878e-06,4.8700287e-07,0.00029190627,5.5116151e-06,4.7307912e-05,5.8143448e-05,0.00033302339,0.99914418
20180125-100512-2.jpg,8,8,0.012393034,0.00059241403,6.0687896e-06,0.00058097925,6.8424819e-05,0.00020891266,0.0012905812,0.14186708,0.84299251
20180125-100533-1.jpg,8,8,5.4650648e-05,7.5062168e-06,4.1603962e-06,9.054036e-05,8.5964212e-06,0.00020668835,0.00020944318,0.00016919153,0.99924922
20180125-100600-2.jpg,8,8,0.00073153333,8.7860343e-05,3.0131445e-05,0.0013380662,4.4680959e-05,0.00040022363,0.00010756357,0.00025835741,0.99700158
20180125-100640-1.jpg,8,8,3.2527609e-06,1.9138688e-06,5.6891813e-07,7.5171269e-06,2.4487272e-06,9.555895e-07,5.3511241e-06,1.976992e-05,0.99995822
20180125-100726-2.jpg,8,8,6.2320831e-05,1.1993924e-05,1.3839993e-05,0.00018407743,2.4472025e-05,7.3285397e-05,0.00016381353,3.2436758e-05,0.99943376
20180125-100815-2.jpg,8,8,1.8894514e-05,2.2848435e-06,2.2280552e-06,2.4531897e-05,1.1686305e-05,1.4810747e-05,1.4619191e-05,1.6353945e-05,0.99989459
20180125-100826-2.jpg,8,8,8.2447934e-05,1.7237924e-05,1.9027873e-05,0.00020211715,1.5747184e-05,0.00019435467,0.00013975508,7.874884e-05,0.99925056
20180125-100954-2.jpg,8,8,7.2004237e-06,4.649567e-06,4.3558027e-06,5.9050803e-06,5.5288005e-06,9.930003e-06,0.00010076818,3.8661092e-05,0.999823
20180125-101220-1.jpg,8,8,1.8585981e-06,1.0719605e-06,4.4903683e-07,2.1106404e-06,2.0379897e-06,6.0191148e-07,4.2999038e-06,4.7856408e-06,0.99998278
20180125-101231-2.jpg,8,8,0.00016733553,1.9726359e-05,9.8311821e-06,6.1712594e-05,2.141591e-05,0.00010663622,8.2734064e-05,0.00013390792,0.9993967
20180125-101241-1.jpg,8,8,1.8186537e-05,8.4055728e-06,3.3608489e-06,1.7984774e-05,1.0002362e-05,4.2235217e-05,0.0001077565,1.9197928e-05,0.99977287
20180125-101241-2.jpg,8,8,6.3812693e-05,6.5989927e-06,4.3598006e-06,1.2194628e-05,1.2289176e-05,9.7296613e-05,9.08071e-05,2.8633468e-05,0.99968401
20180125-101251-2.jpg,8,8,2.1935689e-05,1.927538e-06,8.1259754e-07,4.3657315e-05,9.9686614e-06,3.1382964e-05,1.3625606e-05,1.0749326e-05,0.99986594
20180125-101252-1.jpg,8,8,7.036539e-07,9.3144661e-07,1.9206307e-06,6.9153651e-06,8.9659592e-06,6.5625985e-07,3.107377e-06,2.9273178e-06,0.99997387
20180125-101328-1.jpg,8,8,3.0761421e-05,2.0185254e-05,1.4680681e-05,4.0231089e-06,1.8090145e-05,3.4485196e-05,5.8357685e-05,9.9169195e-05,0.99972025
20180125-101344-2.jpg,8,8,4.8575611e-06,8.3398715e-07,3.6272071e-07,2.0463455e-05,1.1610057e-06,5.0321518e-06,3.0369675e-05,5.5208612e-06,0.9999314
20180125-101824-2.jpg,8,8,6.3133627e-06,1.8411078e-06,4.8908296e-07,8.0525415e-05,1.9139809e-06,1.5556238e-05,1.8367373e-05,6.7257844e-06,0.99986827
20180125-101844-1.jpg,8,8,1.5331714e-05,6.6202568e-07,1.7548661e-07,1.7748201e-06,2.3461712e-06,5.442247e-06,1.8247498e-06,3.5335621e-05,0.99993711
20180125-101858-1.jpg,8,8,0.00043101281,3.3666834e-05,4.2347263e-06,0.00013637824,1.8080532e-05,5.0116611e-05,2.1173062e-05,0.00087571614,0.99842962
20180125-101907-2.jpg,8,8,2.1234901e-05,2.5013091e-06,1.3812458e-05,4.4267997e-05,8.4610127e-06,2.1140855e-06,2.6259409e-05,1.2371646e-05,0.99986898
20180125-102016-1.jpg,8,8,1.1018641e-06,3.0275606e-07,1.2916803e-07,8.664096e-06,1.1985308e-06,9.2590774e-07,2.774027e-06,3.1569681e-06,0.99998175
20180125-102041-2.jpg,8,8,6.5534445e-07,9.0387478e-07,3.3214693e-07,4.1184016e-06,4.739017e-07,1.3978371e-06,4.6428588e-06,2.30499e-06,0.99998517
20180125-102044-1.jpg,8,8,0.0095822451,0.0001483584,6.2755965e-05,0.0011600634,0.00012676854,0.0033530552,0.0039104032,0.0072880895,0.97436826
20180125-102104-1.jpg,8,8,5.6639996e-06,2.7351921e-06,2.9423687e-07,3.0091526e-05,2.0621592e-06,2.0823564e-06,3.8704926e-06,3.7017161e-05,0.99991618
20180125-102132-2.jpg,8,8,7.6205241e-07,3.5616243e-06,7.5827074e-07,4.0148352e-06,2.7129313e-06,6.5695608e-07,5.1284429e-07,1.8336565e-06,0.99998519
20180125-102204-1.jpg,8,8,4.808255e-06,8.6404738e-07,1.4141862e-07,1.3317708e-05,5.9165575e-07,1.308942e-06,1.2930114e-05,1.4929998e-05,0.99995111
20180125-123318-2.jpg,8,8,1.3715991e-06,2.027152e-06,8.3486875e-06,2.4811676e-06,9.3341321e-06,2.2467975e-06,1.1469642e-05,9.7705554e-07,0.99996174
20180125-125831-2.jpg,8,8,1.6038741e-06,1.2031256e-05,4.3758102e-07,5.2170413e-06,1.5269052e-06,1.2981043e-05,7.9410627e-06,1.8753522e-05,0.99993951
20180125-125934-3.jpg,8,8,4.7716444e-07,1.7511793e-06,1.5035842e-06,5.0170286e-06,2.3802838e-06,2.5456732e-06,5.3242128e-06,2.4567024e-06,0.99997854
20180125-130032-3.jpg,8,1,0.0032175586,0.61811683,0.00011402451,0.00014342567,0.00012806013,1.4259831e-05,0.0008037277,0.001495316,0.3759668
20180125-130045-2.jpg,8,8,1.1612646e-06,8.6012606e-06,1.035356e-06,1.3229454e-06,1.1331416e-06,2.8254691e-05,5.0344081e-06,5.5761302e-06,0.99994788
20180125-130048-3.jpg,8,8,0.00013959168,0.0033088472,3.1683454e-06,4.894575e-05,1.3138364e-05,3.2851565e-06,6.5568864e-06,0.003001587,0.99347488
20180125-130058-3.jpg,8,8,1.41372e-06,4.0353131e-06,4.2187381e-07,1.7483837e-06,2.1185996e-06,8.7576601e-07,1.6135669e-06,1.4094734e-06,0.99998636
20180125-130118-2.jpg,8,8,2.8265144e-06,4.7192594e-05,6.4697829e-07,3.8800747e-06,2.3414505e-06,7.0669078e-06,1.8623035e-06,2.6591703e-05,0.99990759
20180125-130141-3.jpg,8,8,1.5694962e-06,1.6665311e-05,9.44464e-07,2.6167196e-06,4.3731911e-06,6.9937614e-07,1.355949e-06,1.8404484e-06,0.99996994
20180125-130149-2.jpg,8,8,1.4631716e-06,1.5849744e-05,6.1751932e-07,5.9904363e-06,2.4969532e-06,3.8507945e-06,1.2240288e-06,1.4309989e-05,0.9999542
20180125-130223-3.jpg,8,8,0.030020654,0.066347905,0.00014530519,0.00014476134,0.00010248531,5.5785432e-05,0.00059856597,0.04093137,0.86165317
20180125-130342-2.jpg,8,8,7.418413e-06,4.4918303e-05,3.6760512e-06,1.6251689e-05,7.220019e-05,2.4276936e-06,1.4076177e-05,9.7601748e-06,0.99982927
20180125-130408-3.jpg,8,8,5.6137229e-07,2.2436066e-05,3.1658621e-07,1.1444935e-06,1.1362549e-06,3.4516098e-06,1.4741822e-06,6.1696887e-07,0.99996886
20180125-130423-3.jpg,8,8,5.5286872e-06,1.2600712e-05,5.4389525e-07,1.8964914e-05,1.3415793e-05,4.4879107e-07,5.8276227e-07,3.8120474e-06,0.9999441
20180125-130452-2.jpg,8,8,3.8653001e-06,4.0180403e-05,9.8144625e-07,5.0131973e-06,3.5574039e-06,2.0653592e-05,4.2961799e-06,6.264437e-05,0.99985881
20180125-130809-2.jpg,8,8,0.0054656755,7.0198196e-05,7.8928774e-06,0.00024469426,0.00014083128,1.8171623e-05,3.0540477e-06,0.00028741802,0.99376206
20180125-131011-2.jpg,8,8,0.0026019222,0.001211856,0.00057171089,0.0003488797,8.450453e-05,1.5537796e-06,0.00096003967,0.00056215747,0.99365738
20180125-131057-3.jpg,8,8,2.9348556e-06,2.9500175e-05,3.452755e-06,7.524242e-06,9.5224313e-06,2.7800849e-06,4.5502179e-06,5.4440707e-05,0.99988529
20180125-131139-2.jpg,8,8,0.0062821983,0.00096327447,0.00011049761,0.00012952954,4.8319409e-05,2.7304345e-06,0.00013446555,0.00057115417,0.99175783
20180125-131150-3.jpg,8,8,0.00045208744,0.032297812,2.0900632e-05,2.8183851e-05,0.00014580401,1.1889184e-05,3.1344446e-05,0.00076856716,0.96624341
20180125-131224-2.jpg,8,8,0.00071689628,1.1849522e-05,8.5521187e-06,1.1759828e-05,9.9987735e-06,1.7458812e-06,1.4298786e-06,0.00011757481,0.99912019
20180125-131259-3.jpg,8,8,6.2850994e-06,1.1765951e-05,2.6322686e-06,9.5325341e-06,2.1379447e-06,1.1234676e-06,1.1993438e-05,8.5377789e-06,0.99994599
20180125-131414-3.jpg,8,8,0.0009531981,0.30845297,0.00016270469,0.00091503022,0.0006097222,1.5304024e-05,0.0029542284,0.22539247,0.46054437
20180125-131441-2.jpg,8,8,3.9560684e-05,6.1713134e-06,8.165579e-06,4.0680617e-05,4.7768894e-06,3.33633e-06,6.6706955e-06,0.0005547279,0.99933591
20180125-131541-3.jpg,8,8,0.00051186806,0.00088084809,1.253138e-05,3.2349351e-05,2.4854816e-05,3.6122242e-05,1.704882e-05,0.0010715016,0.99741288
20180125-131545-2.jpg,8,8,0.00014745913,0.018198161,6.4191003e-06,1.3768822e-05,2.6089876e-05,1.500703e-05,0.00032446903,7.5784443e-05,0.98119284
20180125-131638-3.jpg,8,8,7.354497e-05,0.00020341005,9.7909555e-06,0.00012619792,1.9754626e-05,5.7565469e-06,0.00078915024,0.00053522174,0.99823717
20180125-131658-2.jpg,8,8,0.00075947164,0.00026027399,1.3867877e-06,2.7290959e-05,1.0725564e-06,2.300205e-06,3.2920113e-06,0.0002428112,0.9987021
20180125-131707-2.jpg,8,8,6.412864e-06,3.5728059e-05,1.06934e-06,3.1284048e-06,4.3836646e-06,3.4178887e-06,1.9953461e-05,2.032558e-05,0.99990558
20180125-131717-2.jpg,8,8,0.0002493376,0.0029779453,6.1882572e-06,1.5816999e-05,1.6215906e-05,5.8924582e-06,1.7349083e-05,2.0338206e-05,0.99669092
20180125-131723-3.jpg,8,8,9.5863659e-05,3.964829e-05,1.6666863e-05,3.6040289e-06,3.0941976e-05,3.6807274e-07,7.2800156e-06,0.00010310094,0.99970253
20180125-131822-2.jpg,8,8,0.0001015416,0.005446908,9.242448e-06,1.215558e-05,3.3277859e-05,5.0633401e-06,5.7228816e-05,0.00027720131,0.99405738
20180125-131940-2.jpg,8,8,1.414545e-05,5.1009968e-05,5.3912423e-07,1.8718298e-06,1.8640855e-06,2.3161509e-06,2.2295485e-06,4.4656007e-06,0.99992156
20180125-131958-3.jpg,8,8,0.08045431,0.0018478309,1.8868688e-05,2.3791837e-05,0.00030413991,0.00011193714,4.4851417e-06,0.021390622,0.89584401
20180125-132018-2.jpg,8,8,2.8451136e-05,2.8384277e-05,3.418612e-06,2.3442502e-06,3.6700207e-06,4.7693556e-06,7.7090617e-06,1.9467341e-06,0.99991931
20180125-132123-3.jpg,8,8,0.00043717359,0.0014662805,2.9611e-05,0.00018529826,0.00045986601,0.00017020485,5.4241773e-05,0.0024651556,0.99473217
20180125-132133-3.jpg,8,8,0.00080238178,0.019623313,7.5266913e-05,4.5744333e-05,0.002470096,2.2131455e-05,2.6652322e-05,0.00060468032,0.97632973
20180125-132158-2.jpg,8,8,0.00079464088,0.00089451895,1.1810246e-06,2.6886867e-05,1.4617787e-05,5.6122183e-06,1.1185833e-06,5.010852e-05,0.99821132
20180125-132200-3.jpg,8,8,0.12894061,0.004500061,2.8905972e-05,0.00044630376,0.00045450721,7.2613629e-05,1.7026612e-05,0.083512888,0.78202708
20180125-132211-3.jpg,8,8,0.0035938011,0.016814787,8.4411315e-05,0.00038250717,0.00061631289,5.1576772e-06,0.0013422806,0.10279921,0.87436154
20180125-132243-2.jpg,8,8,0.00057922347,0.00012060384,2.7370806e-06,1.2765594e-05,3.9915125e-06,2.0850626e-05,3.8479767e-05,0.0090528854,0.99016846
20180125-132255-2.jpg,8,8,0.0035608658,0.0003573274,3.3960537e-05,9.1948141e-05,0.00028020081,9.1770699e-05,0.00025582001,0.00023228291,0.99509582
20180125-132330-2.jpg,8,8,0.00080919042,0.00069010158,1.8967984e-06,1.9579978e-05,9.294947e-06,5.2903565e-06,4.9828953e-06,0.0015596325,0.99690003
20180125-132332-3.jpg,8,8,0.00064126154,0.014772116,7.4433746e-05,0.0004471514,0.0024726173,9.5543013e-06,0.002565691,0.0013999856,0.97761719
20180125-132427-3.jpg,8,8,2.3501528e-05,0.00020775551,0.00010262537,7.9481502e-06,3.8262025e-05,1.7982805e-06,1.3819667e-05,3.7147469e-05,0.99956714
20180125-132435-2.jpg,8,8,0.00051419147,4.2102554e-05,1.0207282e-05,0.00013117144,0.00033891539,1.6845081e-05,2.2284259e-05,5.1262178e-05,0.99887302
20180125-132622-3.jpg,8,8,0.00036667055,0.00021649713,0.00081523686,6.5399856e-05,0.0021932408,2.628441e-05,0.00014703623,0.00057925214,0.99559038
20180125-132657-3.jpg,8,8,0.0006250651,0.051789447,0.00011023476,0.00013094781,0.00076083348,7.112975e-06,0.00068962578,0.0044777108,0.94140902
20180125-132826-2.jpg,8,8,5.3203814e-05,8.2342159e-05,3.6702779e-06,8.7833127e-06,1.2832346e-05,1.6616542e-06,4.0505436e-06,2.286167e-05,0.99981059
20180125-132930-3.jpg,8,8,1.4400015e-05,2.2187543e-05,0.0017998319,1.5524169e-05,3.9635918e-05,1.1145572e-06,1.4753797e-05,3.2568702e-05,0.99805998
20180125-132933-2.jpg,8,8,0.00046174961,0.00014173973,1.0746926e-05,3.8359628e-05,2.4426077e-05,7.2215655e-06,1.6009784e-05,7.3166103e-05,0.99922658
20180125-133054-2.jpg,8,8,0.0020177847,9.9292606e-05,3.0930272e-06,1.5982582e-05,8.0429761e-06,7.4454319e-06,1.2525169e-05,0.0012207986,0.99661503
20180125-133224-3.jpg,8,8,1.9223998e-05,8.2483726e-05,3.3102664e-05,8.5284985e-06,2.7946568e-05,9.7819167e-07,3.9617257e-05,1.2715193e-05,0.9997754
20180125-133225-2.jpg,8,8,4.2572437e-06,4.8352143e-05,2.4225117e-06,1.6550072e-06,3.1436536e-06,1.4514583e-06,1.3096646e-05,2.0141738e-06,0.99992361
20180125-133341-3.jpg,8,8,0.0068975753,0.12488889,0.00069314551,0.037151109,0.036357944,7.3924059e-05,0.02059332,0.015130727,0.75821336
20180125-133357-2.jpg,8,8,1.4451181e-05,8.6727081e-05,2.2579439e-05,2.0058981e-06,8.8246897e-06,4.2202695e-06,1.1440089e-05,3.7824119e-06,0.99984597
20180125-133416-2.jpg,8,8,2.7705689e-05,2.0074313e-05,7.4211647e-06,3.8517159e-06,4.4677448e-06,9.6970399e-06,4.5868659e-05,3.8175772e-05,0.99984274
20180125-133832-3.jpg,8,8,0.00028368823,0.028904389,5.7548735e-05,0.00014882863,0.00015749072,1.1334206e-05,0.0058715239,0.081690313,0.88287488
20180125-133912-3.jpg,8,8,0.0014041941,0.044547129,3.7699937e-05,0.00010651888,0.00056237722,3.1665826e-05,0.00058045438,0.0023961995,0.95033376
20180125-134003-3.jpg,8,8,1.1725533e-05,0.00017442261,3.0737009e-05,4.2338827e-06,2.1470848e-05,2.0797541e-06,6.5679845e-05,2.2772682e-05,0.99966688
20180125-134028-3.jpg,8,8,9.0991663e-05,0.00018993212,3.9407254e-05,0.00015292378,4.6228442e-05,1.1963842e-05,0.0018965744,0.00019551859,0.99737646
20180125-134035-2.jpg,8,8,0.0010464917,0.00015091082,3.3536517e-05,2.2812144e-05,0.00025363853,2.366282e-05,1.3002983e-05,2.1982063e-05,0.99843396
20180125-134105-3.jpg,8,8,0.00018981919,0.015015203,0.00021865116,0.00044759442,0.00054789106,1.1618496e-05,0.00037914369,0.00047742378,0.98271266
20180125-134125-3.jpg,8,8,0.0034949761,0.0021665423,1.3528162e-05,0.00019617896,0.0011758249,2.9410705e-05,3.5986377e-05,0.0017838722,0.99110368
20180125-134236-2.jpg,8,8,0.0071158695,0.00018001791,6.9594267e-05,0.00043535705,0.0012097354,0.00029480541,8.4940581e-05,0.00057477573,0.9900349
20180125-134309-2.jpg,8,8,0.00010149106,1.8447382e-05,1.3885638e-05,7.3948593e-06,2.0572806e-05,6.8588134e-06,3.8886386e-06,7.4993298e-05,0.99975247
20180125-134413-3.jpg,8,8,0.0019106412,0.0052293474,0.00024979829,0.00042682032,0.0042994735,6.0461796e-05,0.0062647428,0.014044397,0.96751432
20180125-134542-3.jpg,8,8,0.0022382401,0.01753847,0.00039064605,0.00069980676,0.069284015,3.7418744e-05,0.0022250858,0.0011072958,0.90647902
20180125-134552-3.jpg,8,8,5.4895948e-05,0.0009950298,4.5717946e-06,0.00011091663,6.9812472e-05,0.00015815081,0.00077549273,0.0052100339,0.9926211
20180125-134626-3.jpg,8,4,0.0017676628,0.0015284554,0.00030236351,0.0077348468,0.60064238,0.00014713128,0.00081627309,0.0010804628,0.38598043
20180125-134648-3.jpg,8,8,0.0079255473,0.0049901891,7.844477e-06,9.4958878e-05,0.00043170578,6.2475455e-05,1.7235876e-05,0.020581056,0.96588899
20180125-134702-2.jpg,8,8,9.9413564e-05,6.8465031e-05,2.5461361e-06,1.7359005e-05,2.2211178e-05,4.8423054e-05,4.9032843e-06,6.737314e-05,0.99966931
20180125-134716-2.jpg,8,8,7.6022135e-06,7.8804905e-05,9.0080972e-06,4.4709652e-06,6.5511543e-05,5.7587234e-05,9.2129541e-06,3.2067374e-06,0.9997646
20180125-134828-3.jpg,8,8,9.5009609e-05,0.00011600885,2.7057484e-06,6.135071e-06,8.8068646e-05,8.9687954e-07,4.6690366e-06,0.00017107154,0.99951543
20180125-134850-3.jpg,8,8,0.00018667904,0.00035561632,2.8254176e-05,4.548866e-05,0.00040559129,7.6756955e-06,0.00014007352,0.00063205361,0.99819857
20180125-134902-2.jpg,8,8,0.00027675134,0.0016136461,5.73992e-06,4.3001148e-05,2.3628167e-05,7.1136489e-06,1.0359986e-05,0.016835423,0.98118434
20180125-135006-2.jpg,8,8,4.0818386e-06,1.1221541e-05,6.3889588e-06,1.2804144e-05,1.9820185e-05,2.7764303e-06,4.7232624e-06,3.8246515e-06,0.99993436
20180125-135018-3.jpg,8,8,0.0057798835,0.0064868061,0.0017670871,0.00010265058,0.00061251376,2.3473771e-05,7.9641871e-05,0.0023418763,0.98280607
20180125-135026-3.jpg,8,8,4.9226327e-05,0.0020916135,5.765654e-05,1.6150622e-05,3.3763363e-05,1.4326593e-06,0.00028008065,0.0016515589,0.99581852
20180125-135121-2.jpg,8,8,0.006369154,0.0025659274,6.7563169e-06,0.00025832951,0.00078224821,4.1092528e-05,6.0939591e-06,0.011496302,0.9784741
20180125-135132-2.jpg,8,8,5.422337e-05,0.00052757945,1.7336342e-06,9.2404956e-06,2.4525739e-05,1.1311496e-05,2.5010349e-05,0.00019755107,0.99914882
20180125-135214-2.jpg,8,8,0.00032387557,2.0078792e-05,1.4205062e-05,5.7961294e-05,0.00024310528,2.0701271e-05,6.5809445e-05,0.00011811942,0.99913614
20180125-135234-2.jpg,8,8,1.1648547e-05,1.2693955e-05,2.1027458e-06,4.5398999e-06,1.8156232e-05,1.4943877e-06,9.6732856e-06,9.7388231e-06,0.99992995
20180125-135349-3.jpg,8,8,3.8976161e-05,0.00098811983,2.5175019e-05,3.1709001e-05,0.00018158647,7.5239021e-07,7.4876111e-06,3.6036281e-05,0.99869016
20180125-135404-3.jpg,8,8,8.9447424e-06,0.00011305931,1.5829013e-05,1.3621571e-05,0.00011112099,6.0142526e-07,3.2809285e-06,1.4275148e-05,0.99971927
20180125-135509-3.jpg,8,7,0.0062607361,0.0074094522,3.7167412e-05,0.0001116527,0.000368925,7.8243943e-05,5.9273678e-05,0.78469104,0.20098351
20180125-135527-3.jpg,8,8,0.00024226593,0.00088584031,2.3685146e-05,0.00018635879,0.0032323377,1.0500912e-05,0.00020930583,0.00046541592,0.99474429
20180125-135621-3.jpg,8,8,0.00024144264,0.00080077839,3.6779249e-05,4.18195e-05,0.00019236185,3.5321499e-05,7.7858422e-05,0.0056777066,0.99289593
20180125-135651-3.jpg,8,8,0.00016746682,0.00035714251,1.2349949e-05,3.4985799e-05,0.00010945777,9.5185688e-06,1.8316987e-05,0.0008237573,0.998467
20180322-102414-2.jpg,8,8,7.253005e-06,1.3856963e-05,1.683998e-06,4.6608154e-06,1.5815864e-05,3.3794106e-06,5.3471863e-07,7.3383384e-06,0.99994548
20180322-102617-2.jpg,8,8,1.0106587e-05,3.4163329e-05,3.9394328e-06,2.4524502e-05,0.00012843892,1.7796836e-05,8.2169924e-06,5.0717857e-06,0.99976774
20180322-102724-1.jpg,8,8,7.0572505e-05,2.2784464e-05,8.4311468e-06,4.3503588e-05,8.8331228e-05,5.9073326e-06,1.1266235e-06,6.6124801e-05,0.99969322
20180322-102731-2.jpg,8,8,2.0188028e-06,1.4133853e-05,1.4578662e-06,2.4053722e-06,6.5807792e-06,2.7344966e-06,2.809126e-06,2.213699e-06,0.99996565
20180322-102756-2.jpg,8,8,0.011650241,0.00032466562,2.1005578e-05,9.6831575e-05,0.00016369914,1.3081862e-05,2.3336625e-06,0.010026987,0.97770115
20180322-102956-1.jpg,8,8,4.1789918e-05,0.00024471578,9.4920127e-06,0.00014664938,0.00060857006,7.2007251e-06,5.9484587e-06,8.1983895e-05,0.99885365
20180322-103028-1.jpg,8,8,5.5857241e-05,9.473843e-05,1.0636197e-05,0.00021015009,7.2971696e-05,5.5749381e-05,5.9273383e-06,0.00014262449,0.99935135
20180322-103121-1.jpg,8,8,6.4249438e-06,4.7994159e-05,1.3420578e-05,0.00015465569,0.00016270041,1.9818914e-05,9.0107989e-06,2.4975787e-05,0.999561
20180322-103258-2.jpg,8,8,5.0697225e-05,4.9676207e-05,1.6344475e-06,5.165263e-06,8.1920262e-06,9.2096028e-06,4.2549188e-07,1.0769443e-05,0.99986423
20180322-103624-2.jpg,8,8,4.9874946e-06,0.00036266704,7.2767095e-05,9.6167744e-06,5.5700646e-05,3.2540188e-05,1.015719e-05,2.3319061e-06,0.99944923
20180322-103659-1.jpg,8,8,0.073695448,0.00032211125,6.979274e-05,0.0032984817,0.0012270211,0.0019060051,7.8118778e-05,0.0015373844,0.91786564
20180322-103725-1.jpg,8,8,0.00065280203,0.008478475,0.00055918062,8.2922311e-05,0.00035367787,0.0079943475,0.0006360194,0.00030701608,0.98093556
20180322-103903-2.jpg,8,8,8.9932052e-06,0.00037953452,1.031771e-05,3.5253098e-05,9.6560022e-05,1.5586685e-05,8.6466089e-06,1.194487e-05,0.99943316
20180322-103917-2.jpg,8,8,4.5992372e-05,0.00069719659,8.2173791e-06,1.1380743e-05,9.1624502e-05,3.1168141e-05,5.8510294e-06,8.4038352e-06,0.99910017
20180322-103939-1.jpg,8,8,7.2797233e-05,2.3492064e-05,1.3909468e-05,0.00011044999,5.6284399e-05,0.00015754063,1.8294892e-05,0.00064798126,0.99889925
20180322-104005-2.jpg,8,8,1.8074906e-05,0.00010117413,8.346857e-06,3.3625991e-05,0.00010429842,0.00011333336,1.3860814e-05,3.2105245e-05,0.99957518
20180322-104107-1.jpg,8,8,0.0011802824,0.0001100472,1.9194544e-06,4.1510877e-05,1.4029375e-05,0.00021529408,1.2746766e-06,8.1564345e-05,0.99835408
20180322-104336-2.jpg,8,8,7.9927778e-06,4.198245e-06,4.1383871e-07,2.1052085e-06,2.3971651e-06,4.497652e-06,1.1426878e-06,6.6797111e-06,0.99997057
20180322-104436-1.jpg,8,8,0.0002666909,0.00022432197,3.1602289e-06,6.1778688e-05,2.1789739e-05,4.3951833e-05,1.8463476e-06,0.00012874842,0.99924771
20180322-104627-1.jpg,8,8,9.0734411e-05,0.00015808479,3.5695012e-06,4.2868945e-05,6.3657564e-05,2.6453556e-05,1.9563991e-06,0.00058169861,0.99903098
20180322-104635-1.jpg,8,8,5.187053e-05,0.00029595103,6.5204232e-06,5.5596639e-05,0.0001220814,2.6930737e-05,1.8530926e-06,1.7407377e-05,0.99942179
20180322-104949-1.jpg,8,8,0.00056248387,5.6238332e-05,9.8048983e-06,5.4185503e-05,5.225884e-05,0.00024059123,5.479759e-06,6.1186643e-05,0.99895777
20180322-105147-1.jpg,8,8,0.00029761184,5.6664982e-05,1.2003804e-06,5.6352629e-06,5.9362859e-06,2.3235111e-05,4.1180738e-07,9.73276e-06,0.99959957
20180322-105208-1.jpg,8,8,0.0001020889,0.00041848917,3.2771764e-05,3.3478449e-05,6.3781989e-05,0.00023328663,1.1224297e-05,1.5507891e-05,0.99908937
20180322-105321-1.jpg,8,8,0.0014776176,0.00062480061,0.00044160371,0.00027684954,0.00032617363,0.011325236,6.6482693e-05,0.0044975827,0.98096365
20180322-105511-1.jpg,8,8,5.6801018e-05,3.5858134e-05,1.605798e-05,3.6723769e-05,3.3697544e-05,0.00019497003,6.7480977e-06,8.0530328e-05,0.99953861
20180322-110707-2.jpg,8,8,0.0002753838,2.3271937e-06,1.3521502e-05,3.7722137e-05,1.3391239e-05,3.0845939e-06,2.0365078e-06,4.6146393e-05,0.99960639
20180322-110721-2.jpg,8,8,0.00010580041,3.9408781e-05,6.0029759e-07,2.6626686e-05,1.9510745e-05,1.324061e-06,7.1492985e-07,1.7081674e-05,0.99978893
20180322-111104-2.jpg,8,8,7.9168041e-06,8.9120954e-06,7.8746681e-07,1.9989744e-05,3.6734516e-06,6.4565991e-07,1.180542e-06,8.2096688e-06,0.99994868
20180322-111216-2.jpg,8,8,0.0001867216,1.7217599e-05,5.2878969e-05,6.8134082e-05,0.00010298648,2.3394309e-06,3.6604488e-06,0.00018146719,0.99938459
20180322-111400-2.jpg,8,8,0.000219455,1.4003208e-05,2.7365221e-06,3.5992429e-06,1.9422719e-05,4.3235154e-06,5.7654058e-07,4.8918199e-06,0.99973099
20180322-111544-2.jpg,8,8,4.8445751e-05,2.9534613e-05,5.2062876e-06,1.3806829e-05,0.00017533999,3.9107195e-06,4.5341416e-06,6.5289707e-06,0.99971269
20180322-111625-2.jpg,8,8,0.0012168447,0.00013634551,2.5784685e-06,3.9692725e-05,2.8075033e-05,6.2932319e-06,1.0249585e-06,3.8842693e-05,0.9985303
20180322-111632-1.jpg,8,8,0.0021322007,0.0038816993,4.8963139e-05,0.00056549514,0.014392931,4.7305825e-05,8.1442467e-06,7.9108328e-05,0.97884415
20180322-111636-2.jpg,8,8,0.00010287478,1.7042021e-05,1.2398653e-06,1.2316623e-05,8.8296939e-06,1.1996793e-06,6.7609184e-07,1.7048572e-05,0.99983877
20180322-111727-1.jpg,8,8,9.1491008e-05,1.6734141e-05,6.7236558e-05,2.0703327e-05,1.9803089e-05,5.8947219e-06,4.3047494e-06,2.0396901e-05,0.99975344
20180322-111848-1.jpg,8,8,0.00029210737,0.000170361,2.9896705e-05,0.00038839214,0.00020933424,9.6790525e-06,8.1949514e-06,6.342111e-05,0.99882861
20180322-111926-2.jpg,8,8,5.0437196e-06,1.3320291e-05,4.3413844e-07,1.1765864e-05,2.7383805e-06,4.4131337e-07,2.416629e-06,2.9665849e-06,0.99996087
20180322-111950-1.jpg,8,8,0.00047242698,8.9629876e-05,0.17072102,3.0757178e-05,0.0017898858,2.3625589e-05,2.7451417e-05,0.00018616051,0.82665905
20180322-112116-2.jpg,8,8,4.2569789e-06,9.6589477e-06,8.7723507e-07,2.2756177e-06,1.3969529e-06,1.8495939e-06,1.166239e-06,1.0019189e-06,0.99997752
20180322-112118-1.jpg,8,8,0.00032096869,0.00010096679,0.0036376392,9.5000225e-05,4.7904001e-05,0.00094618394,7.7365432e-05,1.4268235e-05,0.9947597
20180322-112237-1.jpg,8,8,0.016500614,0.00016259414,1.579206e-05,0.00073708597,5.1611216e-05,9.9135354e-06,3.3127093e-06,0.0011528115,0.98136627
20180322-112303-1.jpg,8,8,0.0012342846,0.0030419808,0.0049247138,0.069617377,0.0030141136,0.0002716389,0.0028305399,0.017270884,0.89779447
20180322-112331-1.jpg,8,8,0.0013980031,0.0023132558,0.0074550661,0.03253281,0.0011341821,0.0010738335,0.0019944959,0.0070963733,0.94500198
20180322-112444-1.jpg,8,8,0.0011564287,8.712457e-05,0.0038895655,5.2909871e-05,9.1522864e-05,1.8070669e-05,4.990979e-05,8.8622972e-05,0.99456585
20180322-112455-2.jpg,8,8,6.2334714e-06,1.71802e-06,8.1857082e-08,1.7410405e-06,7.5060195e-07,2.0776924e-07,1.2659443e-07,4.2235427e-06,0.99998492
20180322-112513-2.jpg,8,8,0.00089886153,0.00092774045,5.6514172e-05,3.9253337e-05,1.1385306e-05,0.0043245083,0.00014791471,0.0083945218,0.9851993
20180322-112515-1.jpg,8,8,2.9505675e-05,0.00010224591,7.9859516e-05,7.412339e-06,3.9697685e-05,0.00014438996,2.733864e-05,2.2381949e-05,0.99954717
20180322-112543-2.jpg,8,8,1.5998387e-05,3.8089041e-05,9.1665998e-07,7.0819068e-06,2.06199e-05,5.8406124e-06,2.773995e-06,7.84939e-06,0.99990083
20180322-112610-1.jpg,8,8,1.9335282e-05,7.6413181e-05,0.0078805463,1.8929188e-05,8.7760461e-05,7.8289656e-05,7.4331789e-05,2.4687486e-05,0.99173971
20180322-112621-1.jpg,8,8,0.00036456984,4.1799333e-05,0.0053752028,1.2581588e-05,0.00027064756,3.8878056e-05,8.67563e-06,4.7477175e-05,0.99384017
20180322-112651-2.jpg,8,8,3.4120018e-05,3.9911548e-05,3.4449432e-06,1.0846691e-05,8.2545747e-05,1.3809001e-05,3.2426938e-06,7.4505391e-06,0.99980463
20180322-112823-2.jpg,8,8,3.5001112e-05,0.0018312469,9.7276991e-07,1.8634616e-05,1.9469096e-06,2.2105915e-05,1.8072036e-05,2.0452971e-05,0.99805157
20180322-112931-2.jpg,8,8,0.00043736786,0.00093074719,1.2470197e-05,2.3390987e-05,0.0013834342,8.4040278e-06,3.0312607e-06,3.8539288e-05,0.99716262
20180322-112942-1.jpg,8,8,0.00025764899,0.00037740231,0.07885454,0.00017263077,0.00054519679,0.00032178654,7.787463e-05,5.8852255e-05,0.91933407
20180322-113018-2.jpg,8,8,2.1885267e-05,1.6837592e-05,7.0562164e-05,5.1565476e-06,9.010477e-06,7.8973198e-07,9.795403e-06,2.844439e-05,0.99983752
20180322-113102-2.jpg,8,8,5.0584749e-05,3.0302752e-05,5.0591875e-06,1.7738218e-05,0.00031189365,9.0899238e-06,7.2844466e-06,5.8801763e-06,0.99956217
20180322-113145-2.jpg,8,8,0.00072419295,3.0612951e-06,3.0414765e-05,0.00092163016,0.0002674615,1.4952557e-06,3.9578169e-06,2.4776487e-05,0.99802301
20180322-113220-2.jpg,8,8,5.9802085e-07,4.2909612e-06,2.717061e-07,1.7450167e-06,7.9629269e-07,4.8569975e-07,1.3325197e-06,7.9498663e-07,0.99998968
20180322-113325-2.jpg,8,8,0.015953126,5.9367398e-05,3.0289782e-05,0.00038647829,0.00019952331,3.8260142e-05,2.165728e-05,0.0052517106,0.97805959
20180322-113332-2.jpg,8,8,7.6112004e-05,0.00048803024,8.0047983e-06,6.1363478e-05,0.00066321762,1.6349909e-05,2.5353337e-06,2.0606639e-05,0.99866378
20180322-113444-1.jpg,8,8,5.7055523e-05,0.00020524827,4.2486088e-05,3.2404828e-05,0.00010457963,1.8159324e-06,2.2246118e-06,2.9350437e-05,0.99952483
20180322-113559-2.jpg,8,8,3.1699743e-05,0.00055271493,4.5138767e-05,2.9208986e-05,1.6983013e-05,1.5881877e-05,7.2639514e-06,0.0012873899,0.99801372
20180322-113612-1.jpg,8,8,0.00018437422,0.0012216009,2.3455395e-06,0.00027583768,2.3714539e-05,7.4820454e-06,1.4656015e-06,1.0304294e-05,0.99827288
20180322-113627-2.jpg,8,8,2.6694567e-06,3.178027e-05,1.4025054e-06,6.1584352e-06,3.997471e-05,1.1393951e-06,1.445656e-06,2.9451744e-06,0.99991248
20180322-113734-2.jpg,8,8,9.6932574e-06,1.0968583e-05,2.4094112e-06,1.4177354e-05,1.6576082e-05,2.8717214e-06,1.4684768e-06,1.1939158e-05,0.9999299
20180322-113838-1.jpg,8,8,0.00022189097,0.00013080406,1.8755455e-05,2.8803454e-05,9.8128637e-05,1.0274824e-05,1.0333295e-05,1.9290442e-05,0.99946172
20180322-113857-1.jpg,8,8,0.00029996075,0.00024663217,0.00016706423,4.7281552e-05,9.088795e-05,1.0668992e-05,0.00013648996,8.2656929e-06,0.99899275
20180322-113907-1.jpg,8,8,0.0010055498,6.8782579e-05,7.998794e-06,1.4573021e-05,1.1662323e-05,1.0916573e-05,3.8926262e-06,7.5999374e-05,0.99880062
20180322-113946-2.jpg,8,8,4.3315127e-06,8.7662919e-06,2.6201148e-07,4.2252165e-05,3.2039879e-06,1.3235585e-06,7.2920546e-07,1.0492278e-05,0.99992864
20180322-114006-2.jpg,8,8,4.3035894e-06,6.7701204e-06,7.2001708e-07,5.7903767e-06,1.6666753e-05,1.0373542e-06,9.5147547e-07,1.0404854e-05,0.99995336
20180322-114023-1.jpg,8,8,0.00010228404,0.00030434616,6.1844161e-05,0.00048364806,0.00010892498,9.2868455e-06,0.00014391254,0.0029645239,0.99582123
20180322-114034-1.jpg,8,8,0.0028643005,0.031572745,0.016023021,0.0053095514,0.0013571703,0.0029394749,0.038912522,0.085007315,0.8160139
20180322-114043-1.jpg,8,8,0.0028319968,0.0045038768,0.0013713859,0.0027174801,0.00069951549,0.024364198,0.0050132538,0.0012895651,0.95720873
20180322-114053-1.jpg,8,8,0.00014645225,0.00013001144,0.0031473175,4.7374812e-05,0.00022230762,6.5856531e-05,5.2037454e-05,3.714336e-05,0.9961515
20180322-114111-2.jpg,8,8,1.5513702e-06,9.9783484e-06,4.0501668e-07,2.948742e-05,2.4176667e-06,5.8422759e-06,2.2825565e-06,2.7312074e-05,0.99992072
20180322-114129-1.jpg,8,8,9.9766073e-06,2.1379784e-05,5.9609074e-06,1.1214725e-05,1.5454227e-05,2.5493603e-06,1.933397e-06,1.7282961e-06,0.9999298
20180322-114132-2.jpg,8,8,1.0756065e-06,1.0180216e-05,2.5472585e-07,1.1710978e-05,2.6493804e-06,2.2951398e-06,1.4829624e-06,3.8727301e-06,0.99996648
20180322-114209-2.jpg,8,8,1.8915919e-06,1.4659563e-06,5.7554874e-07,2.9917245e-06,5.2460277e-06,2.3166545e-06,1.4307389e-06,3.2205597e-06,0.99998086
20180322-114246-1.jpg,8,8,2.5170371e-05,5.3384257e-05,2.2718417e-05,5.9743536e-06,3.385831e-05,1.2447689e-05,3.9542464e-06,2.6654331e-06,0.99983983
20180322-114250-2.jpg,8,8,2.2832018e-06,2.2802457e-05,1.510905e-06,6.320581e-05,6.034883e-06,3.3516763e-05,3.1248582e-05,1.2693065e-05,0.9998267
20180322-114402-1.jpg,8,8,1.8964883e-05,1.0520259e-05,1.3444001e-06,1.7477112e-05,7.2544869e-06,1.5305805e-06,8.7586005e-07,3.5026034e-06,0.99993853
20180322-114618-2.jpg,8,8,3.1811281e-06,4.267562e-05,1.6611386e-06,2.1598064e-06,1.2983987e-05,3.3717832e-06,2.2039638e-06,1.1611122e-06,0.9999306
20180322-114647-2.jpg,8,8,1.5379892e-05,2.6631102e-05,5.9772174e-06,8.6491126e-06,1.2163482e-05,4.9559572e-06,2.0427057e-05,1.4960743e-05,0.99989086
20180322-114800-1.jpg,8,8,0.050211483,0.00016948561,3.3006167e-05,0.00011269419,0.00017998514,0.00073452721,0.00016468919,0.0048949459,0.94349918
20180322-114914-2.jpg,8,8,1.1284812e-05,0.00019876263,3.6094533e-06,6.4205061e-06,7.5224849e-06,1.443315e-05,1.54579e-05,1.5635713e-05,0.99972687
20180322-115147-1.jpg,8,8,0.0010712641,0.00011655189,9.838731e-05,1.431598e-05,0.00015470798,3.2890302e-05,1.0123634e-05,3.1103405e-05,0.99847066
20180322-115252-1.jpg,8,8,0.0070864616,7.2371586e-05,2.1339353e-06,4.0392074e-05,5.3184787e-06,1.6343785e-05,1.1548571e-06,0.00036284362,0.99241298
20180322-115328-1.jpg,8,8,0.00021834971,0.00012330035,1.0613397e-05,1.2516451e-05,9.4619474e-06,3.6178145e-05,1.7175319e-06,2.3875737e-05,0.99956399
20180322-115347-1.jpg,8,8,7.8552528e-05,4.371322e-05,2.7871146e-06,6.627528e-06,1.5057361e-05,7.4410591e-06,1.7104347e-06,5.9246451e-06,0.99983819
20180322-115551-2.jpg,8,8,6.0884173e-06,0.0001405196,2.280226e-06,2.2139324e-05,6.2660009e-06,1.5425254e-05,1.5423574e-05,3.0987739e-05,0.99976087
20180322-115652-2.jpg,8,8,2.5358791e-05,0.00048912852,9.7617106e-06,0.00044002254,5.0988353e-05,4.202275e-05,7.9009877e-05,0.00082616271,0.99803754
20180322-115939-2.jpg,8,8,0.00056951882,0.0080193317,0.00027053174,0.00060032583,0.00024875909,0.00011768207,0.0012605249,0.001846729,0.9870666
20180322-120244-2.jpg,8,8,3.0316145e-05,1.2797402e-05,4.9199748e-06,1.5358878e-05,1.2541061e-05,4.8116032e-06,8.3072119e-06,9.9748474e-06,0.99990097
20180322-120303-2.jpg,8,8,5.340046e-05,3.9608285e-05,1.1277226e-06,2.0921553e-05,1.2389367e-05,4.6660707e-06,2.5532657e-06,5.7592215e-06,0.99985957
20180322-120442-2.jpg,8,8,4.1244321e-05,1.2194984e-05,4.414785e-06,1.9376986e-05,7.6388843e-05,9.3245283e-06,6.4232721e-06,3.0315401e-06,0.9998276
20180322-120622-2.jpg,8,8,5.4972349e-05,0.00014616034,2.8964434e-06,2.5414932e-05,8.2426267e-06,4.0379861e-06,1.1604735e-05,8.8523861e-06,0.99973782
20180322-120634-2.jpg,8,8,4.1411479e-05,0.00017876889,1.1558193e-05,1.1705897e-05,3.0700426e-05,5.09985e-06,5.0031887e-05,7.1296998e-05,0.99959943
20180322-121057-2.jpg,8,8,0.00027742545,0.00029198434,0.00017222124,0.00087762565,0.00027822618,4.442253e-05,0.00012352835,0.00013297106,0.9978016
20180322-121127-2.jpg,8,8,5.438637e-06,7.6547419e-07,5.9502654e-08,3.1817388e-06,4.1570678e-07,5.3678916e-07,8.9731882e-08,3.0882175e-06,0.99998642
20180322-121141-2.jpg,8,8,0.00025733525,9.9315424e-05,1.7340515e-05,0.00018276285,0.00025835269,1.5853949e-05,1.2236448e-05,2.4843345e-05,0.99913196
20180322-121232-2.jpg,8,8,1.974692e-05,8.8424356e-05,1.8086314e-06,3.6821917e-06,2.5373822e-06,2.3517013e-05,1.5829046e-06,1.2878448e-05,0.99984582
20180322-121250-2.jpg,8,8,2.8975025e-05,0.0061337837,1.4465096e-05,7.9959798e-06,5.8932379e-05,8.2546748e-06,5.089342e-06,1.35553e-05,0.99372895
20180322-121335-2.jpg,8,8,6.4268699e-05,0.0030799803,3.8348358e-05,5.4991122e-05,9.7227114e-05,1.6069343e-05,3.2868703e-05,3.2339007e-05,0.99658391
20180322-121400-2.jpg,8,8,1.4956776e-05,0.0029754088,0.00030763945,0.00013724266,6.4057982e-05,1.8516568e-05,0.00087093323,0.00016680538,0.99544444
20180322-121546-2.jpg,8,8,5.3317556e-05,1.6280158e-05,3.9160971e-07,2.3847015e-05,2.801234e-05,9.4143632e-07,2.4727645e-07,3.6648251e-06,0.9998733
20180322-121610-2.jpg,8,8,0.00023610968,7.7672451e-05,1.5505012e-06,2.3239055e-05,0.00013088325,7.6829398e-06,2.0627836e-06,6.3057203e-06,0.99951449
20180322-121633-2.jpg,8,8,1.4661037e-05,2.02166e-05,8.7351533e-07,1.8168437e-05,1.282164e-05,1.257561e-06,6.1068262e-07,2.2599844e-06,0.99992913
20180322-124504-1.jpg,8,8,7.6670586e-07,1.715501e-06,1.3456629e-07,1.9329632e-06,6.9363357e-07,3.8653394e-06,7.5466461e-07,1.4971359e-06,0.99998864
20180322-124734-1.jpg,8,8,1.8841506e-06,6.9091837e-05,3.4287567e-05,4.0901682e-05,0.00018384052,2.8591051e-05,7.5352461e-06,7.5285408e-06,0.99962634
20180322-124804-1.jpg,8,8,1.0032988e-05,0.00025094674,2.4194886e-05,5.4888187e-05,0.00012708739,3.0420684e-05,9.5576204e-06,0.00038418699,0.99910868
20180322-124907-1.jpg,8,8,2.2181631e-05,0.00015840204,0.0014047893,9.6508951e-05,0.0011162613,0.00014905129,3.4500327e-05,2.3014276e-05,0.99699529
20180322-124924-1.jpg,8,8,0.0020947718,0.013086192,0.0081942927,0.0042983863,0.0041833283,0.0077344801,0.0043000484,0.087945714,0.86816279
20180322-125040-1.jpg,8,8,1.0878492e-05,6.9071634e-05,0.00010953952,5.9528495e-05,0.00022064042,9.2131088e-05,1.1642216e-05,8.4437595e-05,0.99934213
20180322-125050-1.jpg,8,8,0.00015126832,0.00035632088,5.0555642e-05,9.834097e-05,0.00012737256,0.0013514785,1.4017202e-05,0.001154884,0.99669576
20180322-125116-1.jpg,8,8,1.1343544e-05,4.931822e-05,3.5326822e-05,0.00017103453,0.00010819148,0.00065874038,5.2300856e-05,0.00011652117,0.99879722
20180322-125223-1.jpg,8,8,1.2299948e-05,9.6147284e-05,3.6455012e-05,1.1418152e-05,9.439611e-05,8.7823742e-05,3.8331509e-06,1.1093769e-05,0.99964653
20180322-125406-1.jpg,8,8,0.0034931686,0.058636412,0.027838294,0.0009087793,0.012300926,0.0052375973,0.0030695239,0.045783022,0.84273228
20180322-125451-1.jpg,8,8,8.461059e-06,6.2890837e-05,8.5489409e-06,0.00011335173,3.268771e-05,2.1361197e-05,4.5228639e-06,5.5830599e-05,0.99969235
20180322-125459-1.jpg,8,8,3.1674328e-05,4.7681285e-05,1.4611528e-05,1.6624881e-05,2.100618e-05,7.5480524e-05,1.6095252e-06,2.5269563e-05,0.99976604
20180322-125534-1.jpg,8,8,2.6154182e-05,0.00073060038,0.00014331689,0.00021791809,0.00016741606,6.4599492e-05,1.762761e-05,5.5373328e-05,0.99857699
20180322-125547-1.jpg,8,8,1.3802973e-05,0.00025334226,7.2261271e-05,0.00014095552,0.00056493883,5.1353726e-05,3.2016022e-05,7.1728746e-06,0.99886416
20180322-125637-1.jpg,8,8,1.2500591e-05,6.0475155e-05,3.2450778e-06,2.8682811e-05,1.6066415e-05,6.9855896e-05,1.8808691e-06,1.3503333e-05,0.99979379
20180322-125656-1.jpg,8,8,4.040543e-05,0.0011901928,8.1485456e-05,4.635736e-05,0.0001370208,0.00043659082,0.00010991977,3.4143354e-05,0.99792388
20180322-125752-1.jpg,8,8,4.6265308e-05,5.9432536e-05,1.2447173e-05,0.00052070339,0.00012931681,3.5555754e-05,4.3400612e-06,0.00020013412,0.9989918
20180322-125838-1.jpg,8,8,2.5800708e-05,5.979605e-05,3.3058833e-06,0.00050838461,0.00035653446,5.7355235e-06,2.4144185e-06,1.8007052e-05,0.99902002
20180322-125907-1.jpg,8,8,0.00057987479,0.0010375062,0.012828305,0.00050722513,0.0016287217,0.0015089416,0.000420577,0.0012210974,0.98026775
20180322-125915-1.jpg,8,8,7.574611e-05,0.00013135912,2.9084743e-05,8.5094106e-05,0.00026715327,2.7632935e-05,7.0348675e-06,0.00015769682,0.9992192
20180322-125932-1.jpg,8,8,3.5853163e-05,0.0006461085,0.00013565059,0.00084002286,0.005821493,5.4152849e-05,2.370488e-05,1.9496034e-05,0.99242352
20180322-125940-1.jpg,8,8,3.4636104e-05,0.00077188388,0.0055204065,0.00017813461,0.00059816844,0.00034054052,0.00010592163,3.8641227e-05,0.99241167
20180322-125948-1.jpg,8,8,0.0020797218,0.00087581542,0.0015703416,0.010848678,0.0023620593,0.0014149284,8.0676239e-05,0.00050130043,0.98026648
20180322-130042-1.jpg,8,8,0.0002041575,0.0024670264,0.061018992,0.0054583888,0.013329712,0.0017228949,0.00051644336,0.00097086845,0.91431152
20180322-130118-1.jpg,8,8,0.014570161,0.03199969,7.2775353e-05,0.00064445638,0.00064354311,3.8019228e-05,3.7420354e-05,0.25483836,0.69715557
20180322-130245-1.jpg,8,8,1.6652236e-05,0.00018862997,1.2887537e-06,8.8570484e-05,3.369442e-05,3.0443738e-06,1.9525658e-06,0.00015636079,0.99950981
20180322-130402-1.jpg,8,8,3.310867e-06,2.6892383e-05,5.345335e-07,3.5703193e-06,1.6930429e-06,1.276947e-06,9.7997625e-07,4.9279274e-06,0.99995681
20180322-130419-1.jpg,8,8,1.0239989e-05,9.537838e-06,5.49756e-07,2.247542e-05,2.5615028e-06,4.7146238e-06,2.119848e-06,1.7052124e-05,0.99993075
20180322-130450-1.jpg,8,8,2.6853554e-05,0.00026422822,1.6361004e-05,5.6998867e-05,3.2114801e-05,2.4942788e-05,3.1683802e-06,2.3456096e-05,0.99955188
20180322-130616-1.jpg,8,8,3.2416736e-05,0.0003772777,1.4346694e-06,7.6457029e-05,2.2806532e-05,1.742152e-05,3.0444508e-06,5.320039e-05,0.99941594
20180322-130632-1.jpg,8,8,4.2187926e-06,7.0030637e-06,1.3058623e-06,1.393125e-05,1.8002449e-05,1.7045407e-05,4.410663e-06,2.3026249e-06,0.99993178
20180322-130724-1.jpg,8,8,0.00083644987,0.001765561,3.4114286e-05,5.5855887e-05,7.2397842e-05,0.00026213776,7.647115e-06,6.5521575e-05,0.99690031
20180322-130856-1.jpg,8,8,1.5589406e-05,4.0163508e-05,0.00013613403,4.0395939e-05,0.00072115983,4.3278483e-06,4.6058085e-06,9.8552006e-05,0.99893907
20180322-130914-1.jpg,8,8,1.3695592e-05,0.00019560458,8.6543388e-06,2.5516707e-05,7.5737271e-05,1.5689212e-05,2.0775954e-06,2.1823405e-05,0.9996412
20180322-131305-1.jpg,8,8,3.0643451e-06,3.5527835e-05,5.8581179e-06,5.9189727e-05,7.7346189e-05,5.8525018e-06,3.2772572e-06,1.7656027e-05,0.99979223
20180322-131630-1.jpg,8,8,2.2601125e-05,9.3323127e-05,2.4547687e-06,1.7341502e-05,0.00042259658,4.4765967e-06,1.4445133e-06,2.8226213e-05,0.99940754
20180322-131648-1.jpg,8,8,5.7671002e-05,0.00017908176,0.00011726387,3.4091114e-05,0.00041086529,1.342611e-05,3.6834302e-06,8.3232149e-06,0.99917559
20180322-131811-1.jpg,8,8,4.6287125e-06,1.4796953e-05,4.2778934e-05,4.8993404e-06,4.6374297e-05,1.2014935e-05,2.2289669e-06,1.7295658e-05,0.99985498
20180322-131840-1.jpg,8,8,7.0368553e-06,3.744579e-05,1.939477e-06,0.00017380211,9.2860123e-05,1.9715535e-05,0.00015630801,2.8411565e-05,0.99948248
20180322-132206-1.jpg,8,8,2.9652955e-06,0.00014138869,7.2665216e-06,2.0517732e-05,0.00017870757,1.2935865e-05,7.8579835e-06,3.6932181e-06,0.99962467
20180322-132245-1.jpg,8,8,3.1322617e-05,5.1916326e-05,0.00012561977,4.9534688e-05,0.00031289722,1.4295642e-05,5.5730324e-06,3.1260113e-05,0.99937758
20180322-132351-1.jpg,8,8,6.765722e-06,3.5795242e-05,0.00016518698,5.867114e-06,9.481769e-05,1.1343175e-05,2.7697956e-05,4.7208102e-06,0.99964781
20180322-132456-1.jpg,8,8,0.00028459302,0.00094381831,0.00078247348,0.00055572938,0.0094115109,0.00053220468,7.6572504e-05,3.7567523e-05,0.98737553
20180322-132648-1.jpg,8,8,3.1848286e-06,6.1538301e-05,8.1113212e-05,3.5648844e-05,0.0021428751,5.0967342e-06,1.2840657e-05,5.7036747e-06,0.997652
20180322-132707-1.jpg,8,8,6.3641849e-06,0.00075310296,8.5872707e-05,4.2770373e-05,0.00097548901,1.126084e-05,1.4628055e-05,1.0998675e-05,0.99809951
20180322-132913-1.jpg,8,8,1.2611505e-05,0.00022098885,2.401377e-05,1.8098268e-05,0.00010319423,3.6041609e-05,6.5090045e-06,3.6564824e-06,0.99957489
20180322-133029-1.jpg,8,8,0.00092528856,0.00074363384,0.0012369944,0.00022577579,0.0057078454,0.0018632901,0.00027932809,0.00019650754,0.98882134
20180322-133149-1.jpg,8,8,7.4784016e-06,9.1436922e-05,1.3532338e-05,4.300449e-05,0.00049006337,1.4224425e-05,8.8687863e-06,7.4430875e-06,0.99932395
20180322-133614-1.jpg,8,8,0.00038405151,0.0025848912,0.20679845,0.00099991796,0.0030805238,0.0016551895,0.00062549238,0.0001681667,0.78370332
20180322-133710-1.jpg,8,2,0.00018052197,0.00024161555,0.67856338,0.00038542436,0.065171782,0.00011710342,0.00024908658,0.00039194323,0.25469914
20180322-133743-1.jpg,8,8,0.00025204475,0.00083465296,0.35931186,8.8572544e-05,0.0023306946,0.0005436239,0.00046696079,7.6437253e-05,0.63609515
20180322-133752-1.jpg,8,8,0.00021143856,0.00047131002,0.014723905,9.3299652e-05,0.00066245581,0.00026139934,0.00018027113,4.4599462e-05,0.98335132
20180322-133802-1.jpg,8,8,0.00016285749,0.00051805582,0.0057519741,0.00012159759,0.00090650544,0.00041990764,0.00021046357,6.2062083e-05,0.99184658
